Co2 Data from 2017/4/7 8:30:32
Sensor is K30 FR from Co2meter.com, In Blue Box

Time(Unix)	Co2(ppm)
1491553832	435
1491553833	435
1491553834	435
1491553835	436
1491553836	436
1491553837	436
1491553838	436
1491553840	436
1491553841	436
1491553842	436
1491553843	436
1491553844	436
1491553845	436
1491553846	437
1491553847	437
1491553848	437
1491553849	438
1491553850	438
1491553851	438
1491553853	439
1491553854	439
1491553855	439
1491553856	439
1491553857	439
1491553858	439
1491553859	439
1491553860	439
1491553861	439
1491553862	439
1491553863	440
1491553864	440
1491553865	441
1491553867	443
1491553868	447
1491553869	451
1491553870	454
1491553871	456
1491553872	458
1491553873	459
1491553874	460
1491553875	462
1491553876	462
1491553877	461
1491553878	461
1491553880	461
1491553881	462
1491553882	464
1491553883	466
1491553884	467
1491553885	467
1491553886	466
1491553887	466
1491553888	465
1491553889	464
1491553890	463
1491553891	462
1491553893	460
1491553894	459
1491553895	457
1491553896	456
1491553897	455
1491553898	453
1491553899	452
1491553900	450
1491553901	449
1491553902	448
1491553903	448
1491553904	447
1491553906	447
1491553907	447
1491553908	447
1491553909	447
1491553910	447
1491553911	446
1491553912	446
1491553913	446
1491553914	445
1491553915	445
1491553916	445
1491553917	444
1491553918	444
1491553920	444
1491553921	437
1491553922	642
1491553923	552
1491553924	337
1491553925	388
1491553926	414
1491553927	442
1491553928	440
1491553929	308
1491553930	351
1491553931	345
1491553933	713
1491553934	583
1491553935	603
1491553936	468
1491553937	405
1491553938	415
1491553939	583
1491553940	65528
1491553941	155
1491553942	171
1491553943	242
1491553944	410
1491553946	368
1491553947	65422
1491553948	10
1491553949	176
1491553950	444
1491553951	65423
1491553952	65518
1491553953	65518
1491553954	65518
1491553956	1238
1491553957	741
1491553958	421
1491553959	713
1491553960	713
1491553961	1149
1491553962	1122
1491553963	493
1491553964	719
1491553965	719
1491553966	226
1491553967	698
1491553968	73
1491553970	158
1491553971	248
1491553972	449
1491553973	1061
1491553974	1371
1491553975	857
1491553976	687
1491553977	547
1491553978	121
1491553979	458
1491553980	65491
1491553982	65513
1491553983	50
1491553984	127
1491553985	193
1491553986	193
1491553987	99
1491553988	373
1491553989	382
1491553990	810
1491553991	2035
1491553992	786
1491553994	915
1491553995	3488
1491553996	3488
1491553997	6679
1491553998	2170
1491553999	2370
1491554000	2850
1491554001	3167
1491554002	2252
1491554003	2252
1491554004	3436
1491554006	5084
1491554007	3043
1491554008	1689
1491554009	740
1491554010	753
1491554011	4922
1491554012	2543
1491554013	1787
1491554014	370
1491554015	749
1491554016	16
1491554017	91
1491554019	210
1491554020	96
1491554021	102
1491554022	556
1491554023	471
1491554024	654
1491554025	1710
1491554026	3708
1491554027	6920
1491554028	3342
1491554030	5904
1491554031	4815
1491554032	1889
1491554033	3252
1491554034	1061
1491554035	2466
1491554036	4517
1491554037	4517
1491554038	3020
1491554039	3020
1491554040	1726
1491554041	766
1491554043	2461
1491554044	5080
1491554045	2708
1491554046	1838
1491554047	2044
1491554048	59
1491554049	814
1491554050	434
1491554051	438
1491554052	1654
1491554053	1451
1491554054	1706
1491554056	468
1491554057	564
1491554058	1171
1491554059	1289
1491554060	1289
1491554061	782
1491554062	581
1491554063	1157
1491554064	965
1491554065	3059
1491554066	901
1491554068	25
1491554069	25
1491554070	25
1491554071	65459
1491554072	77
1491554073	1072
1491554074	3024
1491554075	1112
1491554076	1061
1491554077	1107
1491554078	2127
1491554080	2183
1491554081	855
1491554082	840
1491554083	685
1491554084	304
1491554085	1248
1491554086	1248
1491554087	951
1491554088	1173
1491554089	2640
1491554090	1884
1491554091	343
1491554092	343
1491554094	65484
1491554095	65477
1491554096	308
1491554097	1476
1491554098	1781
1491554099	1394
1491554100	667
1491554101	144
1491554102	1249
1491554103	87
1491554104	910
1491554106	1309
1491554107	1911
1491554108	1482
1491554109	822
1491554110	894
1491554111	607
1491554112	3365
1491554113	1299
1491554114	663
1491554115	655
1491554116	2308
1491554117	1576
1491554118	137
1491554119	79
1491554121	2025
1491554122	1816
1491554123	3813
1491554124	2107
1491554125	4055
1491554126	693
1491554127	1604
1491554128	1800
1491554129	464
1491554130	351
1491554131	351
1491554132	351
1491554133	65446
1491554135	2632
1491554136	2632
1491554137	1871
1491554138	3434
1491554139	2698
1491554140	2369
1491554141	3483
1491554142	746
1491554143	684
1491554144	446
1491554145	518
1491554147	550
1491554148	1671
1491554149	345
1491554150	96
1491554151	333
1491554152	333
1491554153	15
1491554154	15
1491554155	140
1491554156	249
1491554157	249
1491554158	203
1491554160	416
1491554161	1725
1491554162	1632
1491554163	1368
1491554164	20
1491554165	256
1491554166	65495
1491554167	102
1491554168	102
1491554169	161
1491554170	344
1491554172	421
1491554173	383
1491554174	377
1491554175	367
1491554176	588
1491554177	1481
1491554178	695
1491554179	254
1491554180	430
1491554181	308
1491554182	710
1491554183	263
1491554185	793
1491554186	680
1491554187	980
1491554188	1324
1491554189	792
1491554190	1027
1491554191	916
1491554192	258
1491554193	652
1491554194	427
1491554195	280
1491554196	498
1491554197	229
1491554199	229
1491554200	43
1491554201	912
1491554202	978
1491554203	355
1491554204	827
1491554205	510
1491554206	3732
1491554207	2733
1491554208	4264
1491554209	3555
1491554210	631
1491554212	74
1491554213	480
1491554214	236
1491554215	573
1491554216	2154
1491554217	35
1491554218	351
1491554219	1071
1491554220	1156
1491554221	5550
1491554222	3085
1491554223	1988
1491554224	3080
1491554226	2779
1491554227	1324
1491554228	579
1491554229	692
1491554230	614
1491554231	604
1491554232	638
1491554233	242
1491554234	569
1491554235	538
1491554236	538
1491554237	510
1491554238	104
1491554240	212
1491554241	2113
1491554242	1132
1491554243	1194
1491554244	560
1491554245	65452
1491554246	277
1491554247	246
1491554248	344
1491554249	215
1491554250	1120
1491554251	1184
1491554252	1399
1491554254	539
1491554255	539
1491554256	539
1491554257	634
1491554258	1360
1491554259	1046
1491554260	848
1491554261	2801
1491554262	2489
1491554263	1087
1491554264	898
1491554265	1024
1491554267	1024
1491554268	1617
1491554269	2900
1491554270	928
1491554271	783
1491554272	783
1491554273	1395
1491554274	3640
1491554275	126
1491554276	386
1491554277	386
1491554278	579
1491554279	1874
1491554281	2681
1491554282	662
1491554283	572
1491554284	628
1491554285	162
1491554286	65523
1491554287	133
1491554288	689
1491554289	652
1491554290	2050
1491554291	881
1491554292	908
1491554294	908
1491554295	908
1491554296	1130
1491554297	933
1491554298	668
1491554299	315
1491554300	315
1491554301	586
1491554302	516
1491554303	162
1491554304	162
1491554305	227
1491554307	339
1491554308	1163
1491554309	876
1491554310	1642
1491554311	2623
1491554312	2131
1491554313	1775
1491554314	65519
1491554315	493
1491554316	493
1491554317	612
1491554319	90
1491554320	280
1491554321	2010
1491554322	2158
1491554323	1255
1491554324	1851
1491554325	1851
1491554326	3872
1491554327	2921
1491554328	1562
1491554329	2356
1491554330	1837
1491554332	1488
1491554333	2328
1491554334	2057
1491554335	1406
1491554336	764
1491554337	1894
1491554338	759
1491554339	32
1491554340	300
1491554341	300
1491554342	1474
1491554343	2282
1491554345	1249
1491554346	1494
1491554347	1205
1491554348	2722
1491554349	629
1491554350	498
1491554351	1476
1491554352	1476
1491554353	1697
1491554354	264
1491554355	65416
1491554356	266
1491554358	196
1491554359	806
1491554360	701
1491554361	607
1491554362	2040
1491554363	2040
1491554364	106
1491554365	158
1491554366	158
1491554367	158
1491554368	110
1491554369	84
1491554370	528
1491554372	1696
1491554373	1264
1491554374	806
1491554375	806
1491554376	932
1491554377	932
1491554378	950
1491554379	865
1491554380	268
1491554381	727
1491554382	463
1491554383	507
1491554384	646
1491554386	331
1491554387	365
1491554388	355
1491554389	396
1491554390	646
1491554391	843
1491554392	317
1491554393	65453
1491554394	636
1491554395	1237
1491554396	567
1491554397	1682
1491554399	264
1491554400	1
1491554401	242
1491554402	242
1491554403	289
1491554404	289
1491554405	69
1491554406	965
1491554407	832
1491554408	1502
1491554409	1196
1491554410	2580
1491554412	2159
1491554413	1425
1491554414	1494
1491554415	303
1491554416	126
1491554417	126
1491554418	359
1491554419	1650
1491554420	1508
1491554421	593
1491554422	1697
1491554423	2838
1491554424	469
1491554426	695
1491554427	227
1491554428	105
1491554429	342
1491554430	1524
1491554431	1449
1491554432	1101
1491554433	753
1491554434	516
1491554435	487
1491554436	595
1491554437	534
1491554439	471
1491554440	444
1491554441	395
1491554442	2014
1491554443	2249
1491554444	3957
1491554445	2940
1491554446	2940
1491554447	632
1491554448	1658
1491554449	766
1491554450	441
1491554451	939
1491554453	987
1491554454	151
1491554455	65474
1491554456	65430
1491554457	1359
1491554458	1558
1491554459	1603
1491554460	939
1491554461	360
1491554462	515
1491554463	939
1491554465	610
1491554466	367
1491554467	546
1491554468	517
1491554469	1480
1491554470	853
1491554471	572
1491554472	131
1491554473	31
1491554474	92
1491554475	480
1491554476	580
1491554478	1544
1491554479	2212
1491554480	1914
1491554481	3897
1491554482	2117
1491554483	235
1491554484	184
1491554485	187
1491554486	270
1491554487	136
1491554488	193
1491554489	342
1491554490	2742
1491554492	2271
1491554493	1674
1491554494	178
1491554495	274
1491554496	730
1491554497	1074
1491554498	1720
1491554499	238
1491554500	1276
1491554501	698
1491554502	487
1491554503	80
1491554504	80
1491554506	80
1491554507	80
1491554508	5
1491554509	5
1491554510	96
1491554511	1493
1491554512	673
1491554513	200
1491554514	209
1491554515	106
1491554516	568
1491554517	562
1491554518	120
1491554520	120
1491554521	2
1491554522	1138
1491554523	322
1491554524	322
1491554525	543
1491554526	305
1491554527	601
1491554528	65448
1491554529	65448
1491554530	47
1491554531	113
1491554533	65477
1491554534	65477
1491554535	878
1491554536	431
1491554537	232
1491554538	1296
1491554539	2989
1491554540	2989
1491554541	4676
1491554542	4676
1491554543	7118
1491554545	10000
1491554546	6704
1491554547	2856
1491554548	715
1491554549	600
1491554550	271
1491554551	271
1491554552	271
1491554553	401
1491554554	401
1491554556	507
1491554557	140
1491554558	286
1491554559	433
1491554560	1974
1491554561	1400
1491554562	1010
1491554563	65484
1491554564	200
1491554565	292
1491554566	539
1491554567	175
1491554569	344
1491554570	422
1491554571	414
1491554572	1170
1491554573	1844
1491554574	1362
1491554575	1198
1491554576	857
1491554577	1212
1491554578	1023
1491554579	609
1491554580	642
1491554582	636
1491554583	631
1491554584	1878
1491554585	805
1491554586	183
1491554587	227
1491554588	267
1491554589	442
1491554590	319
1491554591	696
1491554592	3
1491554593	308
1491554594	408
1491554596	130
1491554597	667
1491554598	3969
1491554599	1616
1491554600	630
1491554601	305
1491554602	618
1491554603	551
1491554604	1471
1491554605	1346
1491554606	1346
1491554607	3021
1491554608	3021
1491554610	298
1491554611	1287
1491554612	3106
1491554613	1636
1491554614	203
1491554615	59
1491554616	269
1491554617	843
1491554618	707
1491554619	143
1491554620	65457
1491554622	202
1491554623	65426
1491554624	13
1491554625	984
1491554626	469
1491554627	453
1491554628	269
1491554629	255
1491554630	392
1491554631	232
1491554632	118
1491554633	2515
1491554635	1184
1491554636	2461
1491554637	2461
1491554638	2111
1491554639	1749
1491554640	1928
1491554641	2438
1491554642	751
1491554643	666
1491554644	1638
1491554645	1379
1491554646	3223
1491554647	2908
1491554649	2908
1491554650	2805
1491554651	310
1491554652	310
1491554653	319
1491554654	174
1491554655	623
1491554656	581
1491554657	963
1491554658	1075
1491554659	414
1491554660	567
1491554661	2255
1491554662	2255
1491554664	4305
1491554665	1950
1491554666	2599
1491554667	5250
1491554668	2544
1491554669	1842
1491554670	2801
1491554671	1948
1491554672	1948
1491554673	1448
1491554674	1315
1491554675	754
1491554676	464
1491554678	896
1491554679	2015
1491554680	576
1491554681	843
1491554682	540
1491554683	2738
1491554684	2738
1491554685	1525
1491554686	778
1491554687	1259
1491554688	1150
1491554689	590
1491554691	507
1491554692	1022
1491554693	2991
1491554694	1500
1491554695	1438
1491554696	308
1491554697	379
1491554698	65483
1491554699	65455
1491554700	65471
1491554702	65471
1491554703	168
1491554704	325
1491554705	1373
1491554706	1373
1491554707	995
1491554708	1413
1491554709	1812
1491554710	2488
1491554711	2488
1491554712	1512
1491554714	1742
1491554715	2275
1491554716	367
1491554717	533
1491554718	3096
1491554719	2782
1491554720	1307
1491554721	2528
1491554722	1887
1491554723	1002
1491554724	1540
1491554725	587
1491554726	536
1491554728	808
1491554729	1503
1491554730	836
1491554731	65529
1491554732	981
1491554733	1155
1491554734	727
1491554735	727
1491554736	541
1491554737	65506
1491554739	244
1491554740	268
1491554741	2001
1491554742	2001
1491554743	1143
1491554744	2105
1491554745	1787
1491554746	1532
1491554747	1352
1491554748	635
1491554749	2028
1491554750	765
1491554752	685
1491554753	597
1491554754	547
1491554755	1618
1491554756	2433
1491554757	1444
1491554758	1602
1491554759	585
1491554760	689
1491554761	851
1491554762	851
1491554763	875
1491554765	1924
1491554766	7097
1491554767	2215
1491554768	1469
1491554769	1068
1491554770	449
1491554771	631
1491554772	728
1491554773	467
1491554774	884
1491554775	405
1491554777	317
1491554778	259
1491554779	186
1491554780	330
1491554781	65497
1491554782	65497
1491554783	457
1491554784	119
1491554785	223
1491554786	223
1491554787	291
1491554789	476
1491554790	600
1491554791	232
1491554792	1543
1491554793	4134
1491554794	3887
1491554795	5637
1491554796	3688
1491554797	3490
1491554798	5534
1491554799	3895
1491554800	2585
1491554801	1790
1491554802	712
1491554804	65487
1491554805	91
1491554806	91
1491554807	73
1491554808	689
1491554809	65509
1491554810	129
1491554811	123
1491554812	1697
1491554813	551
1491554814	551
1491554815	943
1491554817	1390
1491554818	379
1491554819	580
1491554820	1027
1491554821	1488
1491554822	1488
1491554823	1157
1491554824	947
1491554825	692
1491554826	692
1491554827	4818
1491554828	2768
1491554829	1979
1491554831	1144
1491554832	1210
1491554833	1004
1491554834	1822
1491554835	1662
1491554836	1662
1491554837	4083
1491554838	3331
1491554839	1610
1491554840	686
1491554841	952
1491554842	779
1491554844	84
1491554845	25
1491554846	379
1491554847	379
1491554848	65452
1491554849	377
1491554850	1351
1491554851	1058
1491554852	65526
1491554853	25
1491554854	65441
1491554856	65521
1491554857	483
1491554858	287
1491554859	287
1491554860	65500
1491554861	387
1491554862	1896
1491554863	3478
1491554864	1896
1491554865	4240
1491554867	1678
1491554868	189
1491554869	65522
1491554870	93
1491554871	211
1491554872	6
1491554873	831
1491554874	2428
1491554875	3169
1491554876	3572
1491554877	1662
1491554879	1232
1491554880	1545
1491554881	2644
1491554882	997
1491554883	1471
1491554884	3120
1491554885	421
1491554886	198
1491554887	3591
1491554888	6003
1491554889	5870
1491554891	4064
1491554892	1959
1491554893	122
1491554894	241
1491554895	745
1491554896	949
1491554897	247
1491554898	302
1491554899	572
1491554900	25
1491554901	1434
1491554902	692
1491554904	527
1491554905	998
1491554906	2103
1491554907	1503
1491554908	1841
1491554909	1841
1491554910	5770
1491554911	2623
1491554912	245
1491554913	374
1491554914	438
1491554915	532
1491554916	532
1491554918	147
1491554919	16
1491554920	116
1491554921	193
1491554922	240
1491554923	65430
1491554924	819
1491554925	398
1491554926	1269
1491554927	2719
1491554928	927
1491554929	1353
1491554931	1353
1491554932	1132
1491554933	1274
1491554934	357
1491554935	382
1491554936	396
1491554937	453
1491554938	1425
1491554939	1153
1491554940	740
1491554941	923
1491554942	104
1491554943	199
1491554945	685
1491554946	685
1491554947	2308
1491554948	219
1491554949	488
1491554950	2007
1491554951	786
1491554952	797
1491554953	986
1491554954	2621
1491554955	2021
1491554956	2021
1491554957	1297
1491554959	3145
1491554960	3610
1491554961	2521
1491554962	1436
1491554963	1305
1491554964	2217
1491554965	1122
1491554966	1122
1491554967	1127
1491554968	1114
1491554969	959
1491554970	820
1491554972	321
1491554973	369
1491554974	587
1491554975	4138
1491554976	3470
1491554977	778
1491554978	3416
1491554979	4302
1491554980	2930
1491554981	158
1491554982	529
1491554983	529
1491554985	176
1491554986	397
1491554987	293
1491554988	928
1491554989	65503
1491554990	65508
1491554991	888
1491554992	2061
1491554993	2255
1491554994	1014
1491554995	658
1491554997	730
1491554998	2197
1491554999	1318
1491555000	976
1491555001	690
1491555002	669
1491555003	97
1491555004	65417
1491555005	935
1491555006	837
1491555007	811
1491555009	811
1491555010	393
1491555011	1014
1491555012	867
1491555013	278
1491555014	815
1491555015	326
1491555016	325
1491555017	3995
1491555018	3995
1491555019	3961
1491555020	3421
1491555022	7209
1491555023	4245
1491555024	5394
1491555025	5183
1491555026	2270
1491555027	1998
1491555028	4687
1491555029	1660
1491555030	1407
1491555031	747
1491555032	628
1491555033	721
1491555035	65417
1491555036	1172
1491555037	1772
1491555038	1772
1491555039	1426
1491555040	663
1491555041	2280
1491555042	4016
1491555043	2504
1491555044	2937
1491555045	2937
1491555047	2297
1491555048	1573
1491555049	1129
1491555050	1352
1491555051	522
1491555052	197
1491555053	5229
1491555054	5229
1491555055	1431
1491555056	2283
1491555057	2283
1491555058	580
1491555059	549
1491555061	892
1491555062	719
1491555063	658
1491555064	563
1491555065	73
1491555066	161
1491555067	562
1491555068	516
1491555069	357
1491555070	166
1491555071	166
1491555072	285
1491555073	202
1491555075	381
1491555076	116
1491555077	4
1491555078	236
1491555079	236
1491555080	236
1491555081	330
1491555082	17
1491555083	393
1491555084	65535
1491555085	1172
1491555086	1161
1491555088	3477
1491555089	2799
1491555090	1925
1491555091	159
1491555092	568
1491555093	568
1491555094	568
1491555095	2971
1491555096	1790
1491555097	1580
1491555098	986
1491555099	787
1491555101	781
1491555102	1541
1491555103	1988
1491555104	1314
1491555105	2607
1491555106	1886
1491555107	2939
1491555108	1730
1491555109	4190
1491555110	2079
1491555111	1644
1491555112	501
1491555113	432
1491555115	783
1491555116	57
1491555117	199
1491555118	65442
1491555119	65442
1491555120	65530
1491555121	65530
1491555122	299
1491555124	131
1491555125	131
1491555126	770
1491555127	623
1491555128	593
1491555129	234
1491555130	237
1491555131	610
1491555132	38
1491555133	1824
1491555134	761
1491555135	761
1491555137	1027
1491555138	633
1491555139	547
1491555140	475
1491555141	475
1491555142	635
1491555143	19
1491555144	107
1491555145	283
1491555146	102
1491555147	600
1491555148	1043
1491555150	1919
1491555151	1919
1491555152	3269
1491555153	7808
1491555154	5051
1491555155	1358
1491555156	1370
1491555157	626
1491555158	111
1491555159	1525
1491555160	501
1491555162	492
1491555163	344
1491555164	3492
1491555165	2000
1491555166	1428
1491555167	955
1491555168	530
1491555169	2346
1491555170	530
1491555171	302
1491555172	320
1491555173	951
1491555174	991
1491555176	5623
1491555177	300
1491555178	1484
1491555179	1484
1491555180	1353
1491555181	1947
1491555182	2070
1491555183	3019
1491555184	713
1491555185	467
1491555186	942
1491555187	321
1491555188	1425
1491555190	327
1491555191	320
1491555192	189
1491555193	189
1491555194	189
1491555195	540
1491555196	582
1491555197	537
1491555198	1999
1491555199	2991
1491555200	3319
1491555202	2197
1491555203	1847
1491555204	1847
1491555205	118
1491555206	502
1491555207	270
1491555208	2797
1491555209	1459
1491555210	482
1491555211	823
1491555212	622
1491555213	1937
1491555214	1290
1491555215	2380
1491555217	178
1491555218	787
1491555219	787
1491555220	778
1491555221	780
1491555222	823
1491555223	1427
1491555224	1125
1491555225	1108
1491555226	1301
1491555227	611
1491555228	841
1491555229	293
1491555231	595
1491555232	1192
1491555233	410
1491555234	410
1491555235	409
1491555236	2756
1491555237	3247
1491555238	1551
1491555239	3498
1491555240	3498
1491555241	1157
1491555242	1050
1491555244	717
1491555245	2406
1491555246	1118
1491555247	2851
1491555248	2851
1491555249	1054
1491555250	522
1491555251	432
1491555252	157
1491555253	3910
1491555254	65491
1491555256	221
1491555257	1168
1491555258	1496
1491555259	1599
1491555260	1599
1491555261	2947
1491555262	1411
1491555263	2854
1491555264	4264
1491555265	1243
1491555266	3111
1491555267	3076
1491555269	3076
1491555270	1832
1491555271	1832
1491555272	2262
1491555273	1179
1491555274	728
1491555275	136
1491555276	16
1491555277	65457
1491555278	3609
1491555279	112
1491555281	236
1491555282	691
1491555283	725
1491555284	1515
1491555285	2393
1491555286	1741
1491555287	2056
1491555288	4206
1491555289	4981
1491555290	3333
1491555291	6151
1491555292	1941
1491555294	1649
1491555295	953
1491555296	661
1491555297	2460
1491555298	1299
1491555299	1267
1491555300	940
1491555301	1560
1491555302	1124
1491555303	3015
1491555304	2385
1491555305	1066
1491555307	258
1491555308	258
1491555309	401
1491555310	345
1491555311	478
1491555312	609
1491555313	658
1491555314	3519
1491555315	2094
1491555316	1673
1491555317	5028
1491555318	2208
1491555319	306
1491555321	390
1491555322	550
1491555323	693
1491555324	390
1491555325	430
1491555326	1
1491555327	769
1491555328	1991
1491555329	1649
1491555330	2060
1491555331	2060
1491555332	208
1491555334	330
1491555335	380
1491555336	456
1491555337	445
1491555338	34
1491555339	123
1491555340	506
1491555341	436
1491555342	898
1491555343	898
1491555344	1208
1491555345	2796
1491555346	400
1491555348	1475
1491555349	781
1491555350	1828
1491555351	1875
1491555352	1378
1491555353	1194
1491555354	444
1491555355	208
1491555356	279
1491555357	374
1491555358	455
1491555359	123
1491555360	96
1491555362	1112
1491555363	1112
1491555364	1574
1491555365	1092
1491555366	734
1491555367	873
1491555368	2937
1491555369	1021
1491555370	2838
1491555371	2176
1491555372	1530
1491555373	1242
1491555374	909
1491555375	2396
1491555377	915
1491555378	1863
1491555379	1277
1491555380	1164
1491555381	967
1491555382	862
1491555383	65508
1491555384	324
1491555385	324
1491555386	499
1491555387	65496
1491555389	65496
1491555390	65496
1491555391	65425
1491555392	65425
1491555393	65425
1491555394	86
1491555395	1053
1491555396	694
1491555398	704
1491555399	459
1491555400	145
1491555401	1024
1491555402	65516
1491555403	582
1491555404	235
1491555405	235
1491555406	235
1491555407	235
1491555408	115
1491555409	508
1491555411	456
1491555412	519
1491555413	393
1491555414	415
1491555415	860
1491555416	10
1491555417	918
1491555418	395
1491555419	423
1491555420	750
1491555421	456
1491555422	306
1491555423	58
1491555425	940
1491555426	1429
1491555427	2373
1491555428	4189
1491555429	4189
1491555430	4189
1491555431	5952
1491555432	3644
1491555433	2034
1491555434	1137
1491555435	853
1491555436	781
1491555438	671
1491555439	121
1491555440	162
1491555441	35
1491555442	1313
1491555443	342
1491555444	1692
1491555445	2240
1491555446	1600
1491555447	1600
1491555448	791
1491555449	198
1491555451	498
1491555452	385
1491555453	1429
1491555454	3579
1491555455	1565
1491555456	3150
1491555457	1799
1491555458	2210
1491555459	3195
1491555460	990
1491555461	1685
1491555462	2765
1491555463	1620
1491555465	1639
1491555466	1040
1491555467	905
1491555468	905
1491555469	1904
1491555470	669
1491555471	235
1491555472	506
1491555473	784
1491555474	30
1491555475	831
1491555476	354
1491555477	598
1491555479	272
1491555480	156
1491555481	744
1491555482	2259
1491555483	4679
1491555484	3423
1491555485	654
1491555486	296
1491555487	307
1491555488	707
1491555489	879
1491555490	91
1491555491	91
1491555493	91
1491555494	65493
1491555495	65493
1491555496	940
1491555497	733
1491555498	1790
1491555499	1385
1491555500	1065
1491555501	582
1491555502	65473
1491555503	210
1491555505	65518
1491555506	376
1491555507	114
1491555508	2198
1491555509	3828
1491555510	1578
1491555511	211
1491555512	231
1491555513	418
1491555514	2520
1491555515	1761
1491555516	315
1491555518	315
1491555519	479
1491555520	479
1491555521	479
1491555522	668
1491555523	956
1491555524	665
1491555525	256
1491555526	95
1491555527	893
1491555528	893
1491555529	433
1491555531	817
1491555532	3976
1491555533	3141
1491555534	3141
1491555535	1130
1491555536	1227
1491555537	967
1491555538	951
1491555539	1056
1491555540	2022
1491555541	849
1491555542	709
1491555543	65
1491555545	65497
1491555546	65493
1491555547	200
1491555548	3204
1491555549	2306
1491555550	1400
1491555551	1400
1491555552	1104
1491555553	765
1491555554	605
1491555556	528
1491555557	485
1491555558	458
1491555559	441
1491555560	435
1491555561	432
1491555562	431
1491555563	429
1491555564	428
1491555565	428
1491555566	428
1491555567	429
1491555568	429
1491555570	429
1491555571	428
1491555572	428
1491555573	428
1491555574	428
1491555575	428
1491555576	428
1491555577	428
1491555578	428
1491555579	428
1491555580	428
1491555581	428
1491555583	428
1491555584	428
1491555585	428
1491555586	428
1491555587	428
1491555588	428
1491555589	428
1491555590	428
1491555591	428
1491555592	428
1491555593	428
1491555594	428
1491555596	428
1491555597	428
1491555598	428
1491555599	428
1491555600	428
1491555601	428
1491555602	428
1491555603	428
1491555604	428
1491555605	428
1491555606	428
1491555607	428
1491555609	428
1491555610	428
1491555611	428
1491555612	428
1491555613	428
1491555614	428
1491555615	428
1491555616	428
1491555617	428
1491555618	428
1491555619	428
1491555620	428
1491555621	428
1491555622	428
1491555624	428
1491555625	428
1491555626	428
1491555627	428
1491555628	428
1491555629	427
1491555630	471
1491555631	397
1491555632	403
1491555633	519
1491555634	476
1491555635	573
1491555636	512
1491555638	334
1491555639	363
1491555640	399
1491555641	570
1491555642	503
1491555643	338
1491555644	340
1491555645	372
1491555646	496
1491555647	476
1491555648	507
1491555649	381
1491555650	320
1491555652	439
1491555653	1331
1491555654	1076
1491555655	1066
1491555656	2988
1491555657	2988
1491555658	386
1491555659	239
1491555660	475
1491555661	205
1491555662	205
1491555663	65481
1491555665	65421
1491555666	60
1491555667	991
1491555668	642
1491555669	675
1491555670	675
1491555671	1482
1491555672	2314
1491555673	1628
1491555674	1239
1491555675	1964
1491555677	2602
1491555678	2602
1491555679	3091
1491555680	2628
1491555681	1309
1491555682	1698
1491555683	1698
1491555684	2631
1491555685	600
1491555686	415
1491555687	510
1491555688	503
1491555690	274
1491555691	274
1491555692	56
1491555693	77
1491555694	967
1491555695	525
1491555696	503
1491555697	223
1491555698	223
1491555699	394
1491555700	987
1491555701	1211
1491555702	1219
1491555704	2475
1491555705	2581
1491555706	1764
1491555707	1194
1491555708	1194
1491555709	999
1491555710	1207
1491555711	869
1491555712	643
1491555713	749
1491555714	120
1491555715	351
1491555716	343
1491555718	593
1491555719	766
1491555720	600
1491555721	900
1491555722	814
1491555723	166
1491555724	2383
1491555725	1440
1491555726	1666
1491555727	262
1491555728	135
1491555729	92
1491555731	130
1491555732	792
1491555733	792
1491555734	2198
1491555735	3137
1491555736	1280
1491555737	1221
1491555738	6
1491555739	6
1491555740	359
1491555741	168
1491555743	1443
1491555744	210
1491555745	138
1491555746	322
1491555747	1152
1491555748	1376
1491555749	2956
1491555750	1013
1491555751	307
1491555752	561
1491555753	99
1491555754	681
1491555755	193
1491555757	1350
1491555758	1245
1491555759	803
1491555760	1258
1491555761	1258
1491555762	1004
1491555763	882
1491555764	443
1491555765	620
1491555766	1055
1491555767	797
1491555768	2069
1491555769	871
1491555770	874
1491555772	627
1491555773	65462
1491555774	93
1491555775	65530
1491555776	383
1491555777	88
1491555778	177
1491555779	318
1491555780	44
1491555781	65509
1491555783	51
1491555784	30
1491555785	172
1491555786	30
1491555787	65485
1491555788	65485
1491555789	182
1491555790	49
1491555791	51
1491555792	191
1491555793	569
1491555794	213
1491555796	2607
1491555797	216
1491555798	940
1491555799	470
1491555800	67
1491555801	1132
1491555802	1132
1491555803	892
1491555804	892
1491555805	76
1491555806	160
1491555807	160
1491555808	160
1491555810	65504
1491555811	287
1491555812	595
1491555813	645
1491555814	857
1491555815	1852
1491555816	186
1491555817	213
1491555818	314
1491555819	1676
1491555820	65469
1491555822	65469
1491555823	65444
1491555824	136
1491555825	211
1491555826	1397
1491555827	63
1491555828	141
1491555829	141
1491555830	141
1491555831	141
1491555833	141
1491555834	141
1491555835	65534
1491555836	227
1491555837	333
1491555838	171
1491555839	1577
1491555840	2167
1491555841	2268
1491555842	2417
1491555843	2501
1491555844	2734
1491555846	2001
1491555847	1109
1491555848	1063
1491555849	873
1491555850	1089
1491555851	2078
1491555852	1952
1491555853	1119
1491555854	769
1491555855	562
1491555856	501
1491555857	466
1491555859	447
1491555860	534
1491555861	453
1491555862	339
1491555863	432
1491555864	322
1491555865	362
1491555866	416
1491555867	583
1491555868	444
1491555869	541
1491555870	288
1491555872	65529
1491555873	65445
1491555874	132
1491555875	342
1491555876	339
1491555877	78
1491555878	302
1491555879	263
1491555880	18
1491555882	132
1491555883	247
1491555884	316
1491555885	327
1491555886	65466
1491555887	1535
1491555888	498
1491555889	2366
1491555890	899
1491555891	103
1491555892	952
1491555894	326
1491555895	91
1491555896	222
1491555897	65493
1491555898	142
1491555899	142
1491555900	1262
1491555901	883
1491555902	546
1491555903	497
1491555904	968
1491555905	1003
1491555907	568
1491555908	285
1491555909	695
1491555910	90
1491555911	65457
1491555912	760
1491555913	510
1491555914	527
1491555915	65462
1491555916	192
1491555917	298
1491555919	779
1491555920	742
1491555921	274
1491555922	197
1491555923	197
1491555924	548
1491555925	638
1491555926	374
1491555927	374
1491555928	1477
1491555929	1072
1491555930	1924
1491555931	2381
1491555933	472
1491555934	91
1491555935	87
1491555936	147
1491555937	147
1491555938	147
1491555939	147
1491555940	1038
1491555941	1318
1491555942	1287
1491555943	140
1491555944	305
1491555946	355
1491555947	199
1491555948	1295
1491555949	778
1491555950	2863
1491555951	1548
1491555952	1338
1491555953	2684
1491555954	782
1491555955	2403
1491555956	1882
1491555957	1092
1491555959	950
1491555960	561
1491555961	2134
1491555962	2111
1491555963	1207
1491555964	1706
1491555965	139
1491555966	394
1491555967	392
1491555968	264
1491555969	306
1491555970	65454
1491555972	501
1491555973	1458
1491555974	792
1491555975	1257
1491555976	433
1491555977	817
1491555978	737
1491555979	370
1491555980	717
1491555981	474
1491555982	2287
1491555983	4258
1491555984	356
1491555986	512
1491555987	1416
1491555988	1401
1491555989	1240
1491555990	698
1491555991	790
1491555992	1618
1491555993	1504
1491555994	879
1491555995	1385
1491555996	2086
1491555997	1537
1491555999	2142
1491556000	1892
1491556001	613
1491556002	560
1491556003	948
1491556004	1463
1491556005	1319
1491556006	536
1491556007	562
1491556008	1622
1491556009	809
1491556010	1082
1491556012	2624
1491556013	3271
1491556014	3995
1491556015	1197
1491556016	382
1491556017	616
1491556018	445
1491556019	1689
1491556020	1045
1491556021	855
1491556022	753
1491556023	68
1491556025	273
1491556026	85
1491556027	496
1491556028	432
1491556029	1081
1491556030	379
1491556031	247
1491556032	432
1491556033	65448
1491556034	65448
1491556035	250
1491556037	252
1491556038	505
1491556039	505
1491556040	249
1491556041	1021
1491556042	263
1491556043	421
1491556044	2292
1491556045	245
1491556046	341
1491556047	1223
1491556048	963
1491556049	1354
1491556050	461
1491556052	1467
1491556053	1266
1491556054	2024
1491556055	2243
1491556056	1530
1491556057	714
1491556058	1491
1491556059	1134
1491556060	1105
1491556061	2584
1491556062	435
1491556063	658
1491556064	600
1491556066	786
1491556067	412
1491556068	1752
1491556069	2004
1491556070	880
1491556071	1093
1491556072	976
1491556073	31
1491556074	186
1491556075	12
1491556076	346
1491556077	346
1491556079	229
1491556080	913
1491556081	573
1491556082	628
1491556083	488
1491556084	166
1491556085	854
1491556086	1472
1491556087	940
1491556088	1863
1491556089	585
1491556090	900
1491556092	358
1491556093	428
1491556094	2695
1491556095	881
1491556096	272
1491556097	532
1491556098	281
1491556099	83
1491556100	27
1491556101	65510
1491556102	71
1491556103	875
1491556105	788
1491556106	1193
1491556107	770
1491556108	536
1491556109	1030
1491556110	925
1491556111	2294
1491556112	273
1491556113	440
1491556114	1033
1491556115	1160
1491556116	2250
1491556118	2872
1491556119	2890
1491556120	1360
1491556121	435
1491556122	606
1491556123	31
1491556124	10
1491556125	65527
1491556126	579
1491556127	1133
1491556128	1098
1491556129	1230
1491556131	748
1491556132	140
1491556133	171
1491556134	171
1491556135	58
1491556136	93
1491556137	159
1491556138	298
1491556139	125
1491556140	210
1491556141	77
1491556142	1685
1491556144	1888
1491556145	1146
1491556146	1783
1491556147	1783
1491556148	572
1491556149	294
1491556150	527
1491556151	558
1491556152	1851
1491556153	47
1491556154	297
1491556156	65418
1491556157	224
1491556158	943
1491556159	1205
1491556160	2461
1491556161	1584
1491556162	586
1491556163	1461
1491556164	2482
1491556165	603
1491556166	1048
1491556168	1904
1491556169	1219
1491556170	392
1491556171	45
1491556172	307
1491556173	1142
1491556174	1238
1491556175	728
1491556176	971
1491556177	2100
1491556178	2100
1491556179	800
1491556181	562
1491556182	698
1491556183	336
1491556184	65438
1491556185	65513
1491556186	65515
1491556187	615
1491556188	1668
1491556189	1668
1491556190	1542
1491556192	1403
1491556193	1196
1491556194	1836
1491556195	843
1491556196	386
1491556197	411
1491556198	1154
1491556199	349
1491556200	358
1491556201	493
1491556202	296
1491556203	65490
1491556205	271
1491556206	65443
1491556207	65493
1491556208	106
1491556209	912
1491556210	3398
1491556211	1779
1491556212	2370
1491556213	1532
1491556214	923
1491556215	988
1491556217	91
1491556218	7
1491556219	65495
1491556220	9
1491556221	153
1491556222	17
1491556223	720
1491556224	740
1491556225	1411
1491556226	1306
1491556227	613
1491556228	1559
1491556230	1419
1491556231	561
1491556232	742
1491556233	905
1491556234	65492
1491556235	141
1491556236	105
1491556237	544
1491556238	404
1491556239	362
1491556240	627
1491556242	483
1491556243	544
1491556244	890
1491556245	707
1491556246	1938
1491556247	1787
1491556248	1030
1491556249	947
1491556250	444
1491556251	82
1491556252	321
1491556253	97
1491556255	813
1491556256	460
1491556257	2536
1491556258	2366
1491556259	2921
1491556260	4598
1491556261	2215
1491556262	2123
1491556263	2311
1491556264	335
1491556265	979
1491556266	134
1491556267	1949
1491556269	1407
1491556270	107
1491556271	878
1491556272	1341
1491556273	2012
1491556274	4212
1491556275	1611
1491556276	936
1491556277	888
1491556278	136
1491556279	86
1491556280	65523
1491556282	65523
1491556283	65464
1491556284	953
1491556285	357
1491556286	65451
1491556287	498
1491556288	60
1491556289	992
1491556290	752
1491556291	378
1491556293	174
1491556294	507
1491556295	279
1491556296	440
1491556297	60
1491556298	572
1491556299	530
1491556300	267
1491556301	608
1491556302	302
1491556303	935
1491556304	1211
1491556306	641
1491556307	317
1491556308	122
1491556309	122
1491556310	633
1491556311	985
1491556312	1544
1491556313	792
1491556314	165
1491556315	2016
1491556316	1501
1491556318	1064
1491556319	978
1491556320	700
1491556321	1573
1491556322	632
1491556323	1500
1491556324	1396
1491556325	480
1491556326	608
1491556327	613
1491556328	1295
1491556329	975
1491556330	975
1491556332	1672
1491556333	932
1491556334	792
1491556335	180
1491556336	68
1491556337	68
1491556338	68
1491556339	65499
1491556340	472
1491556341	472
1491556342	220
1491556343	112
1491556344	113
1491556346	984
1491556347	565
1491556348	701
1491556349	1863
1491556350	721
1491556351	606
1491556352	331
1491556353	1123
1491556354	853
1491556355	640
1491556356	99
1491556357	56
1491556358	56
1491556360	56
1491556361	65470
1491556362	65470
1491556363	65470
1491556364	65487
1491556365	65487
1491556366	65429
1491556368	417
1491556369	65448
1491556370	307
1491556371	2066
1491556372	1496
1491556373	1225
1491556374	1248
1491556375	2858
1491556376	2324
1491556377	1516
1491556378	1121
1491556379	1153
1491556381	203
1491556382	323
1491556383	1091
1491556384	630
1491556385	334
1491556386	65431
1491556387	174
1491556388	186
1491556389	402
1491556390	624
1491556391	1677
1491556393	1609
1491556394	574
1491556395	362
1491556396	247
1491556397	247
1491556398	197
1491556399	251
1491556400	431
1491556401	534
1491556402	487
1491556403	116
1491556404	169
1491556406	242
1491556407	882
1491556408	382
1491556409	770
1491556410	480
1491556411	440
1491556412	1994
1491556413	602
1491556414	209
1491556415	283
1491556416	1386
1491556417	1508
1491556418	1680
1491556420	1796
1491556421	143
1491556422	119
1491556423	123
1491556424	657
1491556425	734
1491556426	240
1491556427	283
1491556428	434
1491556429	267
1491556430	7
1491556431	304
1491556433	65501
1491556434	145
1491556435	459
1491556436	444
1491556437	52
1491556438	34
1491556439	185
1491556440	132
1491556441	132
1491556442	65532
1491556443	86
1491556445	848
1491556446	266
1491556447	266
1491556448	610
1491556449	65518
1491556450	65535
1491556451	332
1491556452	65459
1491556453	40
1491556454	586
1491556455	1163
1491556457	1325
1491556458	129
1491556459	315
1491556460	682
1491556461	530
1491556462	934
1491556463	1176
1491556464	1005
1491556465	703
1491556466	607
1491556467	1276
1491556468	85
1491556469	277
1491556470	96
1491556472	106
1491556473	215
1491556474	215
1491556475	643
1491556476	825
1491556477	421
1491556478	1042
1491556479	606
1491556480	1452
1491556481	301
1491556482	228
1491556483	691
1491556484	881
1491556486	781
1491556487	642
1491556488	392
1491556489	487
1491556490	1033
1491556491	227
1491556492	235
1491556493	191
1491556494	633
1491556495	1209
1491556496	786
1491556497	878
1491556499	388
1491556500	73
1491556501	13
1491556502	664
1491556503	859
1491556504	2007
1491556505	951
1491556506	1019
1491556507	101
1491556508	65479
1491556509	337
1491556510	264
1491556512	24
1491556513	233
1491556514	492
1491556515	691
1491556516	563
1491556517	1376
1491556518	772
1491556519	1290
1491556520	871
1491556521	142
1491556522	378
1491556523	320
1491556525	23
1491556526	300
1491556527	174
1491556528	416
1491556529	260
1491556530	273
1491556531	853
1491556532	508
1491556533	630
1491556534	313
1491556535	65464
1491556537	206
1491556538	367
1491556539	455
1491556540	1232
1491556541	47
1491556542	445
1491556543	585
1491556544	153
1491556545	65529
1491556546	65484
1491556548	65496
1491556549	389
1491556550	265
1491556551	1166
1491556552	919
1491556553	1738
1491556554	2117
1491556555	220
1491556556	495
1491556557	913
1491556558	39
1491556559	600
1491556561	892
1491556562	123
1491556563	154
1491556564	484
1491556565	60
1491556566	124
1491556567	2105
1491556568	606
1491556569	1546
1491556570	2743
1491556571	1867
1491556572	268
1491556574	302
1491556575	918
1491556576	122
1491556577	48
1491556578	633
1491556579	562
1491556580	720
1491556581	328
1491556582	65487
1491556583	541
1491556584	680
1491556586	433
1491556587	806
1491556588	349
1491556589	555
1491556590	1649
1491556591	360
1491556592	1295
1491556593	531
1491556594	562
1491556595	560
1491556596	96
1491556597	397
1491556598	365
1491556600	940
1491556601	802
1491556602	1706
1491556603	1155
1491556604	2587
1491556605	3318
1491556606	2592
1491556607	1733
1491556608	1614
1491556609	1136
1491556610	235
1491556611	507
1491556612	157
1491556614	517
1491556615	557
1491556616	63
1491556617	258
1491556618	65494
1491556619	616
1491556620	505
1491556621	1222
1491556622	1249
1491556623	698
1491556624	565
1491556625	82
1491556627	627
1491556628	865
1491556629	1119
1491556630	1797
1491556631	2531
1491556632	1762
1491556633	1252
1491556634	2237
1491556635	2021
1491556636	1711
1491556637	931
1491556638	1382
1491556640	1570
1491556641	185
1491556642	1488
1491556643	1268
1491556644	1471
1491556645	1471
1491556646	1686
1491556647	702
1491556648	798
1491556649	992
1491556650	781
1491556651	434
1491556652	202
1491556653	367
1491556655	65489
1491556656	138
1491556657	96
1491556658	271
1491556659	421
1491556660	550
1491556661	344
1491556662	183
1491556663	747
1491556664	135
1491556665	682
1491556667	591
1491556668	316
1491556669	916
1491556670	757
1491556671	356
1491556672	746
1491556673	589
1491556674	589
1491556675	2426
1491556676	310
1491556677	529
1491556678	350
1491556680	149
1491556681	65465
1491556682	3
1491556683	3
1491556684	28
1491556685	683
1491556686	1405
1491556687	748
1491556688	536
1491556689	777
1491556690	657
1491556692	154
1491556693	56
1491556694	56
1491556695	116
1491556696	84
1491556697	1190
1491556698	577
1491556699	406
1491556700	11
1491556701	39
1491556702	974
1491556703	2186
1491556704	1579
1491556706	983
1491556707	628
1491556708	509
1491556709	600
1491556710	341
1491556711	1290
1491556712	836
1491556713	817
1491556714	707
1491556715	250
1491556716	394
1491556717	106
1491556718	1046
1491556720	483
1491556721	227
1491556722	1086
1491556723	1538
1491556724	801
1491556725	815
1491556726	668
1491556727	366
1491556728	388
1491556729	65439
1491556730	159
1491556732	12
1491556733	202
1491556734	1166
1491556735	173
1491556736	446
1491556737	352
1491556738	459
1491556739	550
1491556740	65496
1491556741	140
1491556742	555
1491556743	65441
1491556745	289
1491556746	211
1491556747	469
1491556748	488
1491556749	916
1491556750	1902
1491556751	1178
1491556752	2323
1491556753	4082
1491556754	2593
1491556755	1610
1491556756	1204
1491556758	1169
1491556759	2617
1491556760	262
1491556761	323
1491556762	108
1491556763	195
1491556764	378
1491556765	1576
1491556766	1256
1491556767	1256
1491556768	3990
1491556769	877
1491556770	1356
1491556772	441
1491556773	1199
1491556774	2382
1491556775	1535
1491556776	3735
1491556777	1004
1491556778	2953
1491556779	2824
1491556780	633
1491556781	2379
1491556782	1352
1491556784	1526
1491556785	3256
1491556786	2212
1491556787	4188
1491556788	5578
1491556789	5273
1491556790	1870
1491556791	2619
1491556792	884
1491556793	224
1491556794	65440
1491556796	65440
1491556797	325
1491556798	570
1491556799	500
1491556800	305
1491556801	1588
1491556802	1263
1491556803	3172
1491556804	67
1491556805	474
1491556806	1155
1491556808	728
1491556809	697
1491556810	256
1491556811	65459
1491556812	1555
1491556813	1685
1491556814	1853
1491556815	528
1491556816	3940
1491556817	3309
1491556818	1367
1491556820	1147
1491556821	663
1491556822	1798
1491556823	1084
1491556824	371
1491556825	828
1491556826	504
1491556827	1736
1491556828	2815
1491556829	1833
1491556830	2580
1491556831	1908
1491556833	47
1491556834	300
1491556835	892
1491556836	1653
1491556837	565
1491556838	2133
1491556839	1719
1491556840	1066
1491556841	1139
1491556842	839
1491556843	411
1491556844	95
1491556845	95
1491556847	65433
1491556848	424
1491556849	236
1491556850	342
1491556851	482
1491556852	482
1491556853	65530
1491556854	540
1491556855	977
1491556856	1209
1491556857	368
1491556859	496
1491556860	258
1491556861	321
1491556862	22
1491556863	75
1491556864	149
1491556865	194
1491556866	1042
1491556867	2288
1491556868	1622
1491556869	1142
1491556870	1143
1491556871	534
1491556873	829
1491556874	2655
1491556875	2655
1491556876	2095
1491556877	2095
1491556878	2543
1491556879	954
1491556880	219
1491556881	219
1491556882	219
1491556883	457
1491556884	1570
1491556885	2480
1491556887	1720
1491556888	642
1491556889	136
1491556890	173
1491556891	3
1491556892	390
1491556893	771
1491556894	777
1491556895	1295
1491556896	827
1491556897	529
1491556898	529
1491556899	529
1491556901	644
1491556902	356
1491556903	1182
1491556904	1182
1491556905	746
1491556906	200
1491556907	199
1491556908	445
1491556909	1584
1491556910	774
1491556911	1128
1491556912	1107
1491556914	65529
1491556915	577
1491556916	66
1491556917	157
1491556918	157
1491556919	234
1491556920	743
1491556921	332
1491556922	1112
1491556923	2099
1491556924	1558
1491556925	2964
1491556927	1869
1491556928	2536
1491556929	2358
1491556930	3838
1491556931	2849
1491556932	512
1491556933	65466
1491556934	65466
1491556935	65430
1491556937	32
1491556938	32
1491556939	798
1491556940	889
1491556941	366
1491556942	140
1491556943	7
1491556944	100
1491556945	513
1491556946	605
1491556947	163
1491556948	163
1491556950	92
1491556951	512
1491556952	845
1491556953	968
1491556954	817
1491556955	342
1491556956	1724
1491556957	1724
1491556958	1893
1491556959	606
1491556960	1904
1491556961	2716
1491556963	1903
1491556964	165
1491556965	437
1491556966	246
1491556967	45
1491556968	65457
1491556969	33
1491556970	346
1491556971	79
1491556972	1038
1491556973	1141
1491556974	1138
1491556975	358
1491556977	358
1491556978	358
1491556979	358
1491556980	219
1491556981	214
1491556982	80
1491556983	80
1491556984	700
1491556985	713
1491556986	585
1491556987	491
1491556988	1030
1491556989	960
1491556991	794
1491556992	713
1491556993	1157
1491556994	550
1491556995	345
1491556996	345
1491556997	345
1491556998	345
1491556999	345
1491557000	345
1491557001	345
1491557002	345
1491557004	345
1491557005	345
1491557006	218
1491557007	276
1491557008	157
1491557009	2996
1491557010	1367
1491557011	425
1491557012	360
1491557013	992
1491557014	2654
1491557016	1216
1491557017	1118
1491557018	602
1491557019	257
1491557020	1793
1491557021	1337
1491557022	593
1491557023	160
1491557024	105
1491557025	65527
1491557026	2634
1491557027	808
1491557029	1246
1491557030	861
1491557031	871
1491557032	662
1491557033	374
1491557034	814
1491557035	814
1491557036	594
1491557037	673
1491557038	224
1491557039	32
1491557040	1605
1491557041	1190
1491557043	1552
1491557044	664
1491557045	2030
1491557046	337
1491557047	247
1491557048	413
1491557049	428
1491557050	1526
1491557051	3385
1491557052	1112
1491557053	1125
1491557054	1719
1491557055	904
1491557057	3983
1491557058	237
1491557059	588
1491557060	1452
1491557061	1589
1491557062	642
1491557063	343
1491557064	2237
1491557065	4911
1491557066	1766
1491557067	2330
1491557068	1161
1491557070	2915
1491557071	6639
1491557072	5601
1491557073	2683
1491557074	1583
1491557075	1156
1491557076	22
1491557077	610
1491557078	619
1491557079	1648
1491557080	1041
1491557082	876
1491557083	806
1491557084	284
1491557085	3691
1491557086	1197
1491557087	4162
1491557088	2700
1491557089	992
1491557090	3113
1491557091	1247
1491557092	3031
1491557093	2080
1491557095	1346
1491557096	1980
1491557097	1814
1491557098	2476
1491557099	722
1491557100	1774
1491557101	1370
1491557102	1370
1491557103	2399
1491557104	2399
1491557105	51
1491557107	102
1491557108	707
1491557109	539
1491557110	32
1491557111	1048
1491557112	803
1491557113	65489
1491557114	65489
1491557115	106
1491557116	116
1491557117	830
1491557119	1614
1491557120	2734
1491557121	3348
1491557122	3477
1491557123	1480
1491557124	125
1491557125	125
1491557126	125
1491557127	606
1491557128	362
1491557129	1008
1491557130	253
1491557131	273
1491557133	273
1491557134	137
1491557135	363
1491557136	322
1491557137	322
1491557138	322
1491557139	322
1491557140	322
1491557141	251
1491557142	251
1491557143	275
1491557144	28
1491557145	153
1491557147	62
1491557148	165
1491557149	786
1491557150	497
1491557151	1200
1491557152	50
1491557153	50
1491557154	1144
1491557155	1882
1491557156	1342
1491557157	1342
1491557158	65482
1491557160	133
1491557161	159
1491557162	159
1491557163	159
1491557164	159
1491557165	13
1491557166	481
1491557167	2131
1491557168	2131
1491557169	2131
1491557170	2741
1491557171	2741
1491557172	2741
1491557174	2741
1491557175	525
1491557176	904
1491557177	2190
1491557178	1806
1491557179	2825
1491557180	1850
1491557181	3637
1491557182	3637
1491557183	2613
1491557184	5863
1491557185	1933
1491557186	1933
1491557188	1367
1491557189	1044
1491557190	1045
1491557191	582
1491557192	525
1491557193	598
1491557194	431
1491557195	625
1491557196	625
1491557197	625
1491557198	1623
1491557199	1846
1491557201	1622
1491557202	504
1491557203	65508
1491557204	402
1491557205	311
1491557206	311
1491557207	424
1491557208	1103
1491557209	3971
1491557210	2064
1491557211	65479
1491557213	75
1491557214	7
1491557215	221
1491557216	221
1491557217	221
1491557218	249
1491557219	149
1491557220	187
1491557221	253
1491557222	658
1491557223	1733
1491557225	688
1491557226	688
1491557227	914
1491557228	650
1491557229	2323
1491557230	1282
1491557231	1044
1491557232	3954
1491557233	740
1491557234	723
1491557235	271
1491557236	1253
1491557237	1271
1491557239	1109
1491557240	361
1491557241	418
1491557242	130
1491557243	978
1491557244	978
1491557245	341
1491557246	579
1491557247	95
1491557248	41
1491557249	41
1491557250	7
1491557252	320
1491557253	519
1491557254	519
1491557255	472
1491557256	436
1491557257	427
1491557258	421
1491557259	419
1491557260	419
1491557261	418
1491557262	416
1491557263	415
1491557265	415
1491557266	414
1491557267	414
1491557268	415
1491557269	416
1491557270	419
1491557271	419
1491557272	420
1491557273	421
1491557274	421
1491557275	422
1491557276	422
1491557277	422
1491557279	422
1491557280	422
1491557281	422
1491557282	422
1491557283	424
1491557284	426
1491557285	426
1491557286	427
1491557287	427
1491557288	427
1491557289	426
1491557290	426
1491557292	425
1491557293	425
1491557294	424
1491557295	424
1491557296	423
1491557297	423
1491557298	423
1491557299	422
1491557300	422
1491557301	422
