Co2 Data from 2017/3/3 13:47:15
Sensor is K30 FR from Co2meter.com, In Grey Box

Time(Unix)	Co2(ppm)
1488548835	418
1488548836	419
1488548837	419
1488548838	421
1488548840	421
1488548841	421
1488548842	422
1488548843	424
1488548844	423
1488548845	424
1488548846	424
1488548847	424
1488548848	424
1488548849	424
1488548850	424
1488548851	424
1488548853	424
1488548854	424
1488548855	424
1488548856	424
1488548857	424
1488548858	424
1488548859	424
1488548860	424
1488548861	424
1488548862	424
1488548863	425
1488548864	425
1488548865	425
1488548866	425
1488548868	425
1488548869	425
1488548870	426
1488548871	426
1488548872	426
1488548873	426
1488548874	427
1488548875	427
1488548876	427
1488548877	427
1488548878	427
1488548879	427
1488548880	427
1488548881	427
1488548883	428
1488548884	428
1488548885	427
1488548886	428
1488548887	428
1488548888	428
1488548889	428
1488548890	429
1488548891	429
1488548892	429
1488548893	429
1488548894	429
1488548896	428
1488548897	428
1488548898	429
1488548899	429
1488548900	429
1488548901	429
1488548902	429
1488548903	429
1488548904	429
1488548905	429
1488548906	429
1488548907	429
1488548908	429
1488548910	429
1488548911	429
1488548912	429
1488548913	429
1488548914	429
1488548915	429
1488548916	430
1488548917	430
1488548918	430
1488548919	430
1488548920	430
1488548921	430
1488548922	430
1488548924	430
1488548925	430
1488548926	430
1488548927	430
1488548928	430
1488548929	430
1488548930	430
1488548931	430
1488548932	430
1488548933	430
1488548934	430
1488548935	430
1488548937	430
1488548938	430
1488548939	430
1488548940	430
1488548941	429
1488548942	429
1488548943	429
1488548944	429
1488548945	429
1488548946	429
1488548947	429
1488548948	429
1488548949	429
1488548951	430
1488548952	430
1488548953	430
1488548954	430
1488548955	430
1488548956	430
1488548957	430
1488548958	430
1488548959	430
1488548960	430
1488548961	430
1488548962	430
1488548963	430
1488548965	430
1488548966	430
1488548967	430
1488548968	430
1488548969	431
1488548970	431
1488548971	431
1488548972	431
1488548973	431
1488548974	431
1488548975	431
1488548976	431
1488548977	432
1488548979	432
1488548980	432
1488548981	432
1488548982	432
1488548983	432
1488548984	432
1488548985	431
1488548986	431
1488548987	431
1488548988	431
1488548989	431
1488548990	431
1488548991	431
1488548993	431
1488548994	432
1488548995	432
1488548996	432
1488548997	432
1488548998	432
1488548999	432
1488549000	432
1488549001	432
1488549002	431
1488549003	431
1488549004	431
1488549005	431
1488549006	431
1488549008	431
1488549009	431
1488549010	431
1488549011	431
1488549012	431
1488549013	431
1488549014	431
1488549015	431
1488549016	431
1488549017	431
1488549018	431
1488549019	431
1488549020	431
1488549021	431
1488549023	431
1488549024	431
1488549025	431
1488549026	431
1488549027	432
1488549028	432
1488549029	431
1488549030	431
1488549031	431
1488549032	431
1488549033	431
1488549034	431
1488549035	431
1488549037	431
1488549038	431
1488549039	431
1488549040	431
1488549041	431
1488549042	430
1488549043	430
1488549044	430
1488549045	430
1488549046	430
1488549047	430
1488549048	431
1488549049	431
1488549051	431
1488549052	431
1488549053	431
1488549054	431
1488549055	431
1488549056	431
1488549057	431
1488549058	431
1488549059	431
1488549060	431
1488549061	431
1488549062	431
1488549063	431
1488549065	431
1488549066	431
1488549067	431
1488549068	431
1488549069	431
1488549070	431
1488549071	431
1488549072	431
1488549073	431
1488549074	431
1488549075	431
1488549076	431
1488549077	431
1488549079	431
1488549080	431
1488549081	431
1488549082	431
1488549083	431
1488549084	431
1488549085	431
1488549086	431
1488549087	431
1488549088	431
1488549089	431
1488549090	431
1488549091	432
1488549093	432
1488549094	432
1488549095	432
1488549096	432
1488549097	432
1488549098	432
1488549099	432
1488549100	432
1488549101	432
1488549102	432
1488549103	432
1488549104	432
1488549105	432
1488549107	432
1488549108	432
1488549109	432
1488549110	432
1488549111	432
1488549112	432
1488549113	432
1488549114	432
1488549115	431
1488549116	432
1488549117	432
1488549118	432
1488549119	432
1488549121	431
1488549122	431
1488549123	431
1488549124	431
1488549125	431
1488549126	431
1488549127	431
1488549128	431
1488549129	432
1488549130	432
1488549131	432
1488549132	432
1488549133	432
1488549134	432
1488549136	432
1488549137	432
1488549138	432
1488549139	432
1488549140	432
1488549141	432
1488549142	432
1488549143	432
1488549144	432
1488549145	432
1488549146	432
1488549147	432
1488549148	432
1488549149	432
1488549151	432
1488549152	432
1488549153	432
1488549154	432
1488549155	432
1488549156	432
1488549157	432
1488549158	432
1488549159	432
1488549160	432
1488549161	432
1488549162	432
1488549164	432
1488549165	432
1488549166	432
1488549167	433
1488549168	433
1488549169	433
1488549170	433
1488549171	433
1488549172	433
1488549173	433
1488549174	433
1488549175	433
1488549177	433
1488549178	433
1488549179	433
1488549180	433
1488549181	433
1488549182	433
1488549183	433
1488549184	433
1488549185	433
1488549186	433
1488549187	433
1488549188	433
1488549189	433
1488549191	432
1488549192	432
1488549193	432
1488549194	432
1488549195	432
1488549196	432
1488549197	432
1488549198	432
1488549199	432
1488549200	432
1488549201	432
1488549202	432
1488549203	432
1488549204	432
1488549206	432
1488549207	432
1488549208	432
1488549209	432
1488549210	432
1488549211	431
1488549212	431
1488549213	431
1488549214	431
1488549215	431
1488549216	431
1488549217	431
1488549219	431
1488549220	431
1488549221	431
1488549222	431
1488549223	431
1488549224	431
1488549225	432
1488549226	432
1488549227	432
1488549228	432
1488549229	432
1488549231	432
1488549232	432
1488549233	432
1488549234	432
1488549235	432
1488549236	432
1488549237	432
1488549238	432
1488549239	432
1488549240	432
1488549241	432
1488549242	432
1488549243	432
1488549245	432
1488549246	432
1488549247	432
1488549248	432
1488549249	432
1488549250	432
1488549251	432
1488549252	432
1488549253	432
1488549254	433
1488549255	433
1488549256	433
1488549257	433
1488549259	433
1488549260	433
1488549261	433
1488549262	433
1488549263	433
1488549264	433
1488549265	433
1488549266	432
1488549267	432
1488549268	432
1488549269	432
1488549270	432
1488549271	432
1488549272	432
1488549274	432
1488549275	432
1488549276	432
1488549277	431
1488549278	432
1488549279	432
1488549280	432
1488549281	432
1488549282	432
1488549283	432
1488549284	432
1488549285	432
1488549286	432
1488549287	432
1488549289	431
1488549290	431
1488549291	431
1488549292	431
1488549293	431
1488549294	431
1488549295	431
1488549296	431
1488549297	431
1488549298	431
1488549299	431
1488549300	431
1488549301	431
1488549302	431
1488549304	431
1488549305	431
1488549306	431
1488549307	431
1488549308	431
1488549309	431
1488549310	431
1488549311	431
1488549312	431
1488549313	432
1488549314	432
1488549315	432
1488549316	432
1488549318	432
1488549319	432
1488549320	432
1488549321	432
1488549322	432
1488549323	432
1488549324	432
1488549325	432
1488549326	432
1488549327	432
1488549328	432
1488549329	432
1488549330	431
1488549332	432
1488549333	432
1488549334	432
1488549335	431
1488549336	431
1488549337	432
1488549338	431
1488549339	431
1488549340	431
1488549341	430
1488549342	430
1488549343	430
1488549344	431
1488549346	430
1488549347	430
1488549348	430
1488549349	430
1488549350	430
1488549351	430
1488549352	430
1488549353	430
1488549354	430
1488549355	430
1488549356	430
1488549357	430
1488549358	430
1488549360	430
1488549361	430
1488549362	430
1488549363	430
1488549364	430
1488549365	430
1488549366	429
1488549367	429
1488549368	429
1488549369	429
1488549370	429
1488549371	429
1488549372	429
1488549373	429
1488549375	429
1488549376	429
1488549377	429
1488549378	429
1488549379	429
1488549380	429
1488549381	429
1488549382	429
1488549383	429
1488549384	429
1488549385	429
1488549386	429
1488549388	429
1488549389	429
1488549390	429
1488549391	429
1488549392	429
1488549393	429
1488549394	429
1488549395	429
1488549396	428
1488549397	429
1488549398	429
1488549399	429
1488549400	429
1488549401	429
1488549403	429
1488549404	429
1488549405	429
1488549406	429
1488549407	429
1488549408	429
1488549409	429
1488549410	428
1488549411	428
1488549412	428
1488549413	428
1488549414	428
1488549415	428
1488549417	428
1488549418	429
1488549419	429
1488549420	429
1488549421	428
1488549422	428
1488549423	428
1488549424	428
1488549425	428
1488549426	428
1488549427	428
1488549428	428
1488549429	428
1488549430	428
1488549432	428
1488549433	428
1488549434	428
1488549435	428
1488549436	428
1488549437	428
1488549438	428
1488549439	428
1488549440	428
1488549441	428
1488549442	428
1488549443	428
1488549444	428
1488549446	428
1488549447	428
1488549448	428
1488549449	428
1488549450	428
1488549451	428
1488549452	428
1488549453	428
1488549454	428
1488549455	428
1488549456	428
1488549457	429
1488549458	429
1488549460	429
1488549461	429
1488549462	429
1488549463	429
1488549464	429
1488549465	429
1488549466	429
1488549467	429
1488549468	429
1488549469	429
1488549470	429
1488549471	429
1488549472	429
1488549474	429
1488549475	429
1488549476	429
1488549477	429
1488549478	429
1488549479	429
1488549480	429
1488549481	429
1488549482	429
1488549483	429
1488549484	429
1488549485	429
1488549486	429
1488549488	429
1488549489	429
1488549490	429
1488549491	429
1488549492	429
1488549493	429
1488549494	429
1488549495	429
1488549496	429
1488549497	429
1488549498	429
1488549499	429
1488549500	429
1488549502	430
1488549503	430
1488549504	430
1488549505	430
1488549506	430
1488549507	430
1488549508	430
1488549509	430
1488549510	430
1488549511	430
1488549512	430
1488549513	430
1488549514	430
1488549516	430
1488549517	430
1488549518	430
1488549519	430
1488549520	430
1488549521	430
1488549522	430
1488549523	430
1488549524	430
1488549525	430
1488549526	430
1488549527	430
1488549528	430
1488549530	430
1488549531	430
1488549532	430
1488549533	430
1488549534	430
1488549535	430
1488549536	430
1488549537	430
1488549538	430
1488549539	430
1488549540	430
1488549541	430
1488549542	430
1488549543	430
1488549545	430
1488549546	430
1488549547	430
1488549548	430
1488549549	430
1488549550	430
1488549551	430
1488549552	430
1488549553	430
1488549554	431
1488549555	431
1488549556	431
1488549557	431
1488549559	432
1488549560	432
1488549561	432
1488549562	432
1488549563	431
1488549564	431
1488549565	431
1488549566	431
1488549567	431
1488549568	431
1488549569	431
1488549570	431
1488549571	431
1488549572	431
1488549574	431
1488549575	431
1488549576	431
1488549577	431
1488549578	431
1488549579	431
1488549580	431
1488549581	431
1488549582	431
1488549583	431
1488549584	431
1488549585	431
1488549586	431
1488549588	431
1488549589	431
1488549590	431
1488549591	431
1488549592	431
1488549593	431
1488549594	431
1488549595	431
1488549596	431
1488549597	431
1488549598	431
1488549599	431
1488549600	431
1488549602	431
1488549603	431
1488549604	432
1488549605	432
1488549606	432
1488549607	432
1488549608	432
1488549609	432
1488549610	432
1488549611	432
1488549612	432
1488549613	432
1488549614	432
1488549615	432
1488549617	432
1488549618	432
1488549619	432
1488549620	432
1488549621	432
1488549622	432
1488549623	432
1488549624	432
1488549625	432
1488549626	432
1488549627	432
1488549628	432
1488549629	432
1488549631	432
1488549632	432
1488549633	432
1488549634	432
1488549635	432
1488549636	432
1488549637	432
1488549638	432
1488549639	432
1488549640	432
1488549641	432
1488549642	432
1488549643	432
1488549645	432
1488549646	432
1488549647	432
1488549648	432
1488549649	432
1488549650	432
1488549651	432
1488549652	432
1488549653	432
1488549654	432
1488549655	432
1488549656	432
1488549657	431
1488549659	431
1488549660	431
1488549661	431
1488549662	431
1488549663	431
1488549664	431
1488549665	431
1488549666	431
1488549667	431
1488549668	431
1488549669	431
1488549670	431
1488549671	431
1488549673	431
1488549674	431
1488549675	431
1488549676	431
1488549677	431
1488549678	431
1488549679	431
1488549680	431
1488549681	431
1488549682	431
1488549683	431
1488549684	431
1488549685	431
1488549687	431
1488549688	431
1488549689	431
1488549690	431
1488549691	431
1488549692	430
1488549693	430
1488549694	430
1488549695	430
1488549696	430
1488549697	430
1488549698	430
1488549699	430
1488549700	430
1488549702	430
1488549703	430
1488549704	430
1488549705	430
1488549706	430
1488549707	430
1488549708	430
1488549709	430
1488549710	430
1488549711	430
1488549712	430
1488549713	430
1488549714	430
1488549715	430
1488549717	430
1488549718	430
1488549719	430
1488549720	430
1488549721	430
1488549722	430
1488549723	430
1488549724	430
1488549725	430
1488549726	430
1488549727	430
1488549728	430
1488549729	430
1488549730	430
1488549732	429
1488549733	429
1488549734	429
1488549735	429
1488549736	429
1488549737	429
1488549738	429
1488549739	429
1488549740	429
1488549741	428
1488549742	428
1488549743	428
1488549744	428
1488549746	429
1488549747	428
1488549748	428
1488549749	428
1488549750	427
1488549751	427
1488549752	427
1488549753	427
1488549754	427
1488549755	427
1488549756	427
1488549757	427
1488549758	427
1488549760	427
1488549761	427
1488549762	427
1488549763	427
1488549764	427
1488549765	426
1488549766	426
1488549767	426
1488549768	427
1488549769	427
1488549770	427
1488549771	427
1488549772	427
1488549774	427
1488549775	427
1488549776	427
1488549777	427
1488549778	428
1488549779	428
1488549780	428
1488549781	428
1488549782	427
1488549783	427
1488549784	427
1488549785	427
1488549786	427
1488549788	427
1488549789	427
1488549790	428
1488549791	428
1488549792	427
1488549793	427
1488549794	427
1488549795	427
1488549796	427
1488549797	427
1488549798	427
1488549799	427
1488549800	427
1488549802	427
1488549803	427
1488549804	427
1488549805	427
1488549806	428
1488549807	428
1488549808	428
1488549809	428
1488549810	427
1488549811	427
1488549812	427
1488549813	427
1488549814	427
1488549816	427
1488549817	427
1488549818	427
1488549819	427
1488549820	427
1488549821	427
1488549822	427
1488549823	427
1488549824	427
1488549825	426
1488549826	427
1488549827	427
1488549828	427
1488549830	426
1488549831	427
1488549832	426
1488549833	426
1488549834	426
1488549835	426
1488549836	426
1488549837	426
1488549838	426
1488549839	426
1488549840	426
1488549841	426
1488549842	426
1488549843	426
1488549845	426
1488549846	426
1488549847	426
1488549848	426
1488549849	426
1488549850	426
1488549851	426
1488549852	426
1488549853	426
1488549854	426
1488549855	426
1488549856	426
1488549857	426
1488549858	426
1488549860	426
1488549861	426
1488549862	426
1488549863	426
1488549864	426
1488549865	426
1488549866	426
1488549867	426
1488549868	426
1488549869	426
1488549870	426
1488549871	426
1488549872	426
1488549874	426
1488549875	426
1488549876	426
1488549877	426
1488549878	426
1488549879	426
1488549880	426
1488549881	426
1488549882	426
1488549883	426
1488549884	426
1488549885	426
1488549886	427
1488549888	427
1488549889	427
1488549890	427
1488549891	427
1488549892	427
1488549893	427
1488549894	427
1488549895	427
1488549896	427
1488549897	427
1488549898	427
1488549899	427
1488549900	427
1488549902	427
1488549903	427
1488549904	427
1488549905	427
1488549906	427
1488549907	427
1488549908	427
1488549909	427
1488549910	427
1488549911	427
1488549912	427
1488549913	427
1488549914	427
1488549916	427
1488549917	428
1488549918	428
1488549919	428
1488549920	428
1488549921	428
1488549922	428
1488549923	428
1488549924	428
1488549925	428
1488549926	428
1488549927	428
1488549928	428
1488549930	428
1488549931	428
1488549932	428
1488549933	428
1488549934	428
1488549935	428
1488549936	428
1488549937	428
1488549938	428
1488549939	428
1488549940	428
1488549941	428
1488549942	428
1488549944	428
1488549945	428
1488549946	428
1488549947	428
1488549948	428
1488549949	429
1488549950	429
1488549951	428
1488549952	428
1488549953	428
1488549954	428
1488549955	428
1488549956	428
1488549958	428
1488549959	428
1488549960	428
1488549961	428
1488549962	428
1488549963	428
1488549964	428
1488549965	428
1488549966	428
1488549967	428
1488549968	428
1488549969	428
1488549970	428
1488549972	428
1488549973	428
1488549974	428
1488549975	428
1488549976	428
1488549977	428
1488549978	428
1488549979	428
1488549980	428
1488549981	428
1488549982	428
1488549983	428
1488549984	428
1488549986	429
1488549987	428
1488549988	428
1488549989	428
1488549990	428
1488549991	428
1488549992	428
1488549993	428
1488549994	428
1488549995	428
1488549996	428
1488549997	428
1488549998	428
1488550000	428
1488550001	428
1488550002	428
1488550003	428
1488550004	428
1488550005	428
1488550006	428
1488550007	428
1488550008	428
1488550009	428
1488550010	428
1488550011	428
1488550012	428
1488550014	428
1488550015	428
1488550016	428
1488550017	428
1488550018	428
1488550019	428
1488550020	428
1488550021	428
1488550022	428
1488550023	428
1488550024	428
1488550025	428
1488550026	428
1488550028	428
1488550029	428
1488550030	427
1488550031	427
1488550032	427
1488550033	426
1488550034	426
1488550035	426
1488550036	426
1488550037	426
1488550038	426
1488550039	426
1488550041	426
1488550042	426
1488550043	426
1488550044	426
1488550045	426
1488550046	426
1488550047	426
1488550048	426
1488550049	426
1488550050	426
1488550051	426
1488550052	425
1488550053	425
1488550055	425
1488550056	425
1488550057	425
1488550058	425
1488550059	425
1488550060	425
1488550061	425
1488550062	425
1488550063	425
1488550064	425
1488550065	425
1488550066	425
1488550067	425
1488550069	426
1488550070	426
1488550071	425
1488550072	425
1488550073	425
1488550074	425
1488550075	425
1488550076	425
1488550077	426
1488550078	426
1488550079	426
1488550080	426
1488550081	426
1488550083	426
1488550084	426
1488550085	426
1488550086	426
1488550087	426
1488550088	426
1488550089	426
1488550090	426
1488550091	426
1488550092	426
1488550093	425
1488550094	425
1488550095	425
1488550097	425
1488550098	425
1488550099	425
1488550100	425
1488550101	425
1488550102	425
1488550103	425
1488550104	425
1488550105	425
1488550106	425
1488550107	425
1488550108	425
1488550109	425
1488550111	425
1488550112	425
1488550113	425
1488550114	425
1488550115	425
1488550116	425
1488550117	425
1488550118	425
1488550119	425
1488550120	425
1488550121	424
1488550122	425
1488550123	425
1488550124	425
1488550126	425
1488550127	425
1488550128	425
1488550129	425
1488550130	426
1488550131	425
1488550132	425
1488550133	424
1488550134	424
1488550135	424
1488550136	424
1488550137	424
1488550138	424
1488550139	424
1488550141	424
1488550142	424
1488550143	424
1488550144	424
1488550145	424
1488550146	424
1488550147	424
1488550148	424
1488550149	424
1488550150	425
1488550151	425
1488550152	425
1488550153	425
1488550155	425
1488550156	425
1488550157	425
1488550158	425
1488550159	425
1488550160	425
1488550161	425
1488550162	424
1488550163	425
1488550164	424
1488550165	425
1488550166	425
1488550167	425
1488550169	425
1488550170	424
1488550171	424
1488550172	425
1488550173	425
1488550174	425
1488550175	424
1488550176	424
1488550177	424
1488550178	424
1488550179	424
1488550180	424
1488550181	424
1488550183	424
1488550184	424
1488550185	424
1488550186	424
1488550187	424
1488550188	424
1488550189	424
1488550190	424
1488550191	424
1488550192	424
1488550193	424
1488550194	424
1488550195	424
1488550197	424
1488550198	424
1488550199	424
1488550200	424
1488550201	424
1488550202	424
1488550203	424
1488550204	424
1488550205	424
1488550206	424
1488550207	424
1488550208	424
1488550209	424
1488550211	424
1488550212	424
1488550213	424
1488550214	424
1488550215	424
1488550216	424
1488550217	424
1488550218	424
1488550219	424
1488550220	424
1488550221	424
1488550222	424
1488550223	424
1488550225	424
1488550226	424
1488550227	424
1488550228	424
1488550229	424
1488550230	424
1488550231	424
1488550232	424
1488550233	424
1488550234	424
1488550235	424
1488550236	424
1488550237	424
1488550239	424
1488550240	424
1488550241	424
1488550242	424
1488550243	425
1488550244	425
1488550245	425
1488550246	425
1488550247	425
1488550248	425
1488550249	424
1488550251	424
1488550252	424
1488550253	424
1488550254	424
1488550255	424
1488550256	424
1488550257	424
1488550258	424
1488550259	424
1488550260	424
1488550261	424
1488550262	424
1488550263	424
1488550264	424
1488550266	424
1488550267	424
1488550268	424
1488550269	424
1488550270	424
1488550271	424
1488550272	424
1488550273	423
1488550274	424
1488550275	423
1488550276	424
1488550277	424
1488550278	424
1488550279	424
1488550281	424
1488550282	424
1488550283	423
1488550284	423
1488550285	424
1488550286	424
1488550287	424
1488550288	424
1488550289	424
1488550290	424
1488550291	423
1488550292	423
1488550293	423
1488550295	423
1488550296	423
1488550297	423
1488550298	423
1488550299	423
1488550300	423
1488550301	424
1488550302	424
1488550303	423
1488550304	423
1488550305	423
1488550306	423
1488550307	423
1488550309	423
1488550310	423
1488550311	423
1488550312	423
1488550313	423
1488550314	423
1488550315	423
1488550316	423
1488550317	423
1488550318	423
1488550319	423
1488550320	424
1488550321	424
1488550323	424
1488550324	424
1488550325	424
1488550326	425
1488550327	425
1488550328	425
1488550329	425
1488550330	425
1488550331	425
1488550332	425
1488550333	424
1488550334	424
1488550335	424
1488550337	424
1488550338	424
1488550339	423
1488550340	424
1488550341	424
1488550342	424
1488550343	424
1488550344	424
1488550345	424
1488550346	424
1488550347	424
1488550348	424
1488550349	424
1488550350	425
1488550352	425
1488550353	425
1488550354	425
1488550355	425
1488550356	425
1488550357	425
1488550358	425
1488550359	425
1488550360	425
1488550361	425
1488550362	425
1488550363	425
1488550364	425
1488550366	425
1488550367	425
1488550368	425
1488550369	425
1488550370	425
1488550371	425
1488550372	425
1488550373	425
1488550374	425
1488550375	425
1488550376	425
1488550377	425
1488550378	426
1488550380	425
1488550381	425
1488550382	425
1488550383	425
1488550384	425
1488550385	425
1488550386	425
1488550387	425
1488550388	425
1488550389	424
1488550390	424
1488550391	425
1488550392	425
1488550394	425
1488550395	425
1488550396	425
1488550397	425
1488550398	425
1488550399	425
1488550400	425
1488550401	425
1488550402	424
1488550403	424
1488550404	424
1488550405	424
1488550406	424
1488550407	424
1488550409	424
1488550410	424
1488550411	424
1488550412	424
1488550413	424
1488550414	424
1488550415	424
1488550416	424
1488550417	424
1488550418	424
1488550419	424
1488550420	424
1488550421	424
1488550422	424
1488550424	424
1488550425	424
1488550426	424
1488550427	424
1488550428	424
1488550429	424
1488550430	424
1488550431	424
1488550432	424
1488550433	424
1488550434	424
1488550435	424
1488550436	424
1488550438	424
1488550439	424
1488550440	424
1488550441	424
1488550442	424
1488550443	424
1488550444	424
1488550445	424
1488550446	424
1488550447	424
1488550448	424
1488550449	424
1488550450	424
1488550452	424
1488550453	424
1488550454	424
1488550455	424
1488550456	424
1488550457	424
1488550458	424
1488550459	424
1488550460	424
1488550461	424
1488550462	424
1488550463	424
1488550464	424
1488550466	424
1488550467	424
1488550468	424
1488550469	424
1488550470	424
1488550471	424
1488550472	424
1488550473	424
1488550474	424
1488550475	424
1488550476	424
1488550477	424
1488550478	424
1488550480	424
1488550481	424
1488550482	424
1488550483	424
1488550484	424
1488550485	424
1488550486	424
1488550487	423
1488550488	423
1488550489	423
1488550490	423
1488550491	423
1488550492	423
1488550494	423
1488550495	423
1488550496	423
1488550497	423
1488550498	423
1488550499	423
1488550500	423
1488550501	423
1488550502	423
1488550503	423
1488550504	423
1488550505	423
1488550506	423
1488550508	423
1488550509	423
1488550510	423
1488550511	423
1488550512	423
1488550513	423
1488550514	423
1488550515	423
1488550516	423
1488550517	424
1488550518	423
1488550519	423
1488550520	423
1488550522	423
1488550523	423
1488550524	423
1488550525	423
1488550526	423
1488550527	423
1488550528	423
1488550529	423
1488550530	423
1488550531	423
1488550532	423
1488550533	423
1488550534	423
1488550535	423
1488550537	423
1488550538	423
1488550539	424
1488550540	424
1488550541	424
1488550542	424
1488550543	424
1488550544	424
1488550545	424
1488550546	424
1488550547	424
1488550548	424
1488550549	424
1488550550	424
1488550552	423
1488550553	423
1488550554	423
1488550555	423
1488550556	424
1488550557	424
1488550558	424
1488550559	424
1488550560	424
1488550561	424
1488550562	424
1488550563	424
1488550564	424
1488550565	424
1488550567	424
1488550568	424
1488550569	424
1488550570	424
1488550571	424
1488550572	424
1488550573	424
1488550574	424
1488550575	424
1488550576	424
1488550577	424
1488550578	424
1488550579	424
1488550581	424
1488550582	424
1488550583	424
1488550584	424
1488550585	424
1488550586	424
1488550587	424
1488550588	425
1488550589	424
1488550590	424
1488550591	424
1488550592	424
1488550593	424
1488550595	424
1488550596	425
1488550597	425
1488550598	425
1488550599	425
1488550600	425
1488550601	425
1488550602	425
1488550603	424
1488550604	425
1488550605	424
1488550606	424
1488550607	424
1488550609	424
1488550610	424
1488550611	424
1488550612	424
1488550613	424
1488550614	424
1488550615	424
1488550616	424
1488550617	424
1488550618	424
1488550619	424
1488550620	424
1488550621	424
1488550623	424
1488550624	424
1488550625	424
1488550626	424
1488550627	424
1488550628	424
1488550629	424
1488550630	424
1488550631	424
1488550632	424
1488550633	424
1488550634	424
1488550635	424
1488550637	424
1488550638	424
1488550639	424
1488550640	424
1488550641	424
1488550642	424
1488550643	424
1488550644	424
1488550645	424
1488550646	424
1488550647	424
1488550648	424
1488550649	425
1488550651	425
1488550652	425
1488550653	425
1488550654	425
1488550655	425
1488550656	425
1488550657	425
1488550658	425
1488550659	425
1488550660	425
1488550661	424
1488550662	424
1488550664	424
1488550665	424
1488550666	424
1488550667	424
1488550668	424
1488550669	425
1488550670	425
1488550671	425
1488550672	425
1488550673	425
1488550674	425
1488550675	425
1488550676	425
1488550678	425
1488550679	425
1488550680	424
1488550681	424
1488550682	424
1488550683	424
1488550684	425
1488550685	425
1488550686	425
1488550687	425
1488550688	425
1488550689	425
1488550690	425
1488550691	425
1488550693	425
1488550694	426
1488550695	426
1488550696	425
1488550697	425
1488550698	426
1488550699	426
1488550700	425
1488550701	425
1488550702	425
1488550703	425
1488550704	425
1488550705	425
1488550706	425
1488550708	425
1488550709	425
1488550710	425
1488550711	425
1488550712	425
1488550713	425
1488550714	425
1488550715	425
1488550716	425
1488550717	425
1488550718	425
1488550719	425
1488550720	425
1488550722	425
1488550723	425
1488550724	425
1488550725	425
1488550726	425
1488550727	425
1488550728	426
1488550729	426
1488550730	426
1488550731	426
1488550732	426
1488550733	426
1488550734	426
1488550736	426
1488550737	426
1488550738	426
1488550739	426
1488550740	426
1488550741	426
1488550742	426
1488550743	426
1488550744	426
1488550745	426
1488550746	426
1488550747	426
1488550748	426
1488550750	426
1488550751	426
1488550752	426
1488550753	426
1488550754	426
1488550755	426
1488550756	426
1488550757	426
1488550758	426
1488550759	426
1488550760	426
1488550761	426
1488550762	426
1488550764	426
1488550765	426
1488550766	426
1488550767	426
1488550768	426
1488550769	425
1488550770	425
1488550771	425
1488550772	425
1488550773	425
1488550774	425
1488550775	426
1488550776	425
1488550778	425
1488550779	425
1488550780	425
1488550781	424
1488550782	424
1488550783	424
1488550784	424
1488550785	424
1488550786	424
1488550787	424
1488550788	424
1488550789	424
1488550790	424
1488550792	424
1488550793	424
1488550794	424
1488550795	424
1488550796	424
1488550797	424
1488550798	424
1488550799	424
1488550800	424
1488550801	424
1488550802	424
1488550803	424
1488550804	424
1488550806	424
1488550807	424
1488550808	424
1488550809	424
1488550810	425
1488550811	425
1488550812	425
1488550813	424
1488550814	424
1488550815	424
1488550816	424
1488550817	424
1488550818	424
1488550819	424
1488550821	424
1488550822	424
1488550823	424
1488550824	424
1488550825	424
1488550826	424
1488550827	424
1488550828	424
1488550829	424
1488550830	424
1488550831	424
1488550832	424
1488550833	424
1488550834	424
1488550836	425
1488550837	425
1488550838	425
1488550839	425
1488550840	425
1488550841	425
1488550842	424
1488550843	424
1488550844	424
1488550845	424
1488550846	424
1488550847	424
1488550848	424
1488550850	424
1488550851	424
1488550852	424
1488550853	424
1488550854	424
1488550855	424
1488550856	424
1488550857	424
1488550858	424
1488550859	424
1488550860	424
1488550861	424
1488550862	425
1488550864	425
1488550865	425
1488550866	425
1488550867	425
1488550868	425
1488550869	424
1488550870	424
1488550871	424
1488550872	424
1488550873	424
1488550874	425
1488550875	424
1488550876	424
1488550878	425
1488550879	424
1488550880	424
1488550881	425
1488550882	425
1488550883	425
1488550884	424
1488550885	424
1488550886	425
1488550887	425
1488550888	425
1488550889	425
1488550891	425
1488550892	425
1488550893	425
1488550894	425
1488550895	426
1488550896	426
1488550897	426
1488550898	426
1488550899	426
1488550900	426
1488550901	426
1488550902	426
1488550904	426
1488550905	426
1488550906	426
1488550907	426
1488550908	426
1488550909	426
1488550910	426
1488550911	426
1488550912	426
1488550913	426
1488550914	426
1488550915	426
1488550916	426
1488550917	425
1488550919	425
1488550920	425
1488550921	425
1488550922	425
1488550923	426
1488550924	426
1488550925	426
1488550926	426
1488550927	426
1488550928	426
1488550929	426
1488550930	426
1488550931	426
1488550933	426
1488550934	426
1488550935	426
1488550936	426
1488550937	426
1488550938	426
1488550939	426
1488550940	426
1488550941	426
1488550942	426
1488550943	426
1488550944	427
1488550945	427
1488550947	427
1488550948	427
1488550949	427
1488550950	427
1488550951	426
1488550952	426
1488550953	426
1488550954	427
1488550955	427
1488550956	427
1488550957	427
1488550958	427
1488550959	427
1488550960	427
1488550962	426
1488550963	426
1488550964	426
1488550965	426
1488550966	426
1488550967	426
1488550968	426
1488550969	426
1488550970	426
1488550971	426
1488550972	426
1488550973	426
1488550974	426
1488550976	426
1488550977	426
1488550978	426
1488550979	426
1488550980	426
1488550981	426
1488550982	426
1488550983	426
1488550984	426
1488550985	426
1488550986	427
1488550987	427
1488550988	427
1488550990	427
1488550991	427
1488550992	427
1488550993	427
1488550994	427
1488550995	427
1488550996	427
1488550997	427
1488550998	427
1488550999	427
1488551000	427
1488551001	427
1488551002	427
1488551004	427
1488551005	427
1488551006	427
1488551007	427
1488551008	427
1488551009	427
1488551010	427
1488551011	427
1488551012	427
1488551013	427
1488551014	427
1488551015	427
1488551016	427
1488551018	427
1488551019	427
1488551020	427
1488551021	427
1488551022	427
1488551023	427
1488551024	427
1488551025	427
1488551026	427
1488551027	427
1488551028	427
1488551029	427
1488551030	427
1488551031	427
1488551033	427
1488551034	427
1488551035	427
1488551036	427
1488551037	427
1488551038	427
1488551039	427
1488551040	427
1488551041	427
1488551042	427
1488551043	427
1488551044	427
1488551045	426
1488551047	426
1488551048	426
1488551049	426
1488551050	426
1488551051	426
1488551052	426
1488551053	426
1488551054	426
1488551055	427
1488551056	427
1488551057	427
1488551058	427
1488551060	427
1488551061	427
1488551062	427
1488551063	427
1488551064	427
1488551065	427
1488551066	427
1488551067	427
1488551068	427
1488551069	426
1488551070	426
1488551071	426
1488551073	426
1488551074	426
1488551075	426
1488551076	426
1488551077	426
1488551078	426
1488551079	426
1488551080	426
1488551081	426
1488551082	426
1488551083	426
1488551084	426
1488551085	426
1488551087	426
1488551088	426
1488551089	426
1488551090	426
1488551091	426
1488551092	426
1488551093	426
1488551094	426
1488551095	426
1488551096	426
1488551097	426
1488551098	427
1488551099	427
1488551101	427
1488551102	427
1488551103	427
1488551104	427
1488551105	427
1488551106	427
1488551107	427
1488551108	427
1488551109	427
1488551110	427
1488551111	427
1488551112	427
1488551114	427
1488551115	427
1488551116	427
1488551117	427
1488551118	427
1488551119	427
1488551120	427
1488551121	427
1488551122	427
1488551123	427
1488551124	427
1488551125	427
1488551127	427
1488551128	427
1488551129	427
1488551130	427
1488551131	427
1488551132	427
1488551133	427
1488551134	427
1488551135	427
1488551136	427
1488551137	427
1488551138	427
1488551140	427
1488551141	427
1488551142	427
1488551143	427
1488551144	427
1488551145	427
1488551146	427
1488551147	427
1488551148	427
1488551149	427
1488551150	427
1488551151	427
1488551153	427
1488551154	427
1488551155	427
1488551156	427
1488551157	427
1488551158	427
1488551159	427
1488551160	427
1488551161	427
1488551162	427
1488551163	427
1488551164	427
1488551165	427
1488551166	427
1488551168	427
1488551169	427
1488551170	427
1488551171	427
1488551172	427
1488551173	427
1488551174	427
1488551175	427
1488551176	427
1488551177	427
1488551178	428
1488551179	428
1488551181	428
1488551182	428
1488551183	428
1488551184	428
1488551185	428
1488551186	428
1488551187	428
1488551188	428
1488551189	428
1488551190	427
1488551191	428
1488551192	427
1488551194	427
1488551195	427
1488551196	427
1488551197	428
1488551198	428
1488551199	428
1488551200	428
1488551201	428
1488551202	428
1488551203	428
1488551204	428
1488551205	429
1488551206	428
1488551208	428
1488551209	428
1488551210	428
1488551211	427
1488551212	427
1488551213	427
1488551214	427
1488551215	427
1488551216	427
1488551217	427
1488551218	426
1488551219	426
1488551221	426
1488551222	426
1488551223	426
1488551224	426
1488551225	426
1488551226	425
1488551227	426
1488551228	426
1488551229	426
1488551230	426
1488551231	426
1488551232	426
1488551233	426
1488551235	426
1488551236	427
1488551237	427
1488551238	426
1488551239	426
1488551240	426
1488551241	426
1488551242	427
1488551243	427
1488551244	426
1488551245	427
1488551246	427
1488551247	427
1488551249	427
1488551250	427
1488551251	428
1488551252	427
1488551253	427
1488551254	427
1488551255	427
1488551256	427
1488551257	427
1488551258	427
1488551259	427
1488551260	427
1488551262	427
1488551263	427
1488551264	427
1488551265	427
1488551266	427
1488551267	427
1488551268	427
1488551269	427
1488551270	427
1488551271	427
1488551272	427
1488551273	427
1488551274	427
1488551276	427
1488551277	427
1488551278	426
1488551279	426
1488551280	426
1488551281	426
1488551282	426
1488551283	426
1488551284	426
1488551285	426
1488551286	425
1488551287	426
1488551289	426
1488551290	426
1488551291	426
1488551292	426
1488551293	426
1488551294	426
1488551295	426
1488551296	426
1488551297	426
1488551298	426
1488551299	426
1488551300	426
1488551302	426
1488551303	426
1488551304	426
1488551305	426
1488551306	426
1488551307	426
1488551308	426
1488551309	426
1488551310	426
1488551311	426
1488551312	426
1488551313	426
1488551314	426
1488551316	426
1488551317	426
1488551318	426
1488551319	426
1488551320	426
1488551321	426
1488551322	426
1488551323	426
1488551324	426
1488551325	426
1488551326	426
1488551327	426
1488551329	426
1488551330	426
1488551331	426
1488551332	427
1488551333	427
1488551334	427
1488551335	427
1488551336	427
1488551337	427
1488551338	427
1488551339	427
1488551340	427
1488551341	426
1488551343	426
1488551344	426
1488551345	426
1488551346	426
1488551347	426
1488551348	426
1488551349	426
1488551350	426
1488551351	426
1488551352	426
1488551353	426
1488551354	426
1488551356	426
1488551357	426
1488551358	426
1488551359	425
1488551360	425
1488551361	426
1488551362	425
1488551363	425
1488551364	425
1488551365	425
1488551366	425
1488551367	425
1488551368	425
1488551370	426
1488551371	426
1488551372	426
1488551373	426
1488551374	426
1488551375	426
1488551376	426
1488551377	426
1488551378	426
1488551379	426
1488551380	426
1488551381	426
1488551382	426
1488551384	426
1488551385	426
1488551386	426
1488551387	426
1488551388	426
1488551389	426
1488551390	426
1488551391	426
1488551392	426
1488551393	426
1488551394	426
1488551395	426
1488551396	426
1488551398	426
1488551399	426
1488551400	426
1488551401	426
1488551402	426
1488551403	426
1488551404	426
1488551405	426
1488551406	426
1488551407	426
1488551408	426
1488551409	426
1488551410	426
1488551412	425
1488551413	425
1488551414	426
1488551415	426
1488551416	426
1488551417	426
1488551418	426
1488551419	425
1488551420	425
1488551421	425
1488551422	426
1488551423	426
1488551425	426
1488551426	425
1488551427	425
1488551428	425
1488551429	425
1488551430	425
1488551431	425
1488551432	424
1488551433	425
1488551434	426
1488551435	426
1488551436	426
1488551438	426
1488551439	426
1488551440	426
1488551441	426
1488551442	426
1488551443	426
1488551444	426
1488551445	426
1488551446	426
1488551447	427
1488551448	427
1488551449	426
1488551451	426
1488551452	426
1488551453	426
1488551454	426
1488551455	426
1488551456	426
1488551457	426
1488551458	426
1488551459	426
1488551460	426
1488551461	426
1488551462	426
1488551463	426
1488551465	426
1488551466	426
1488551467	426
1488551468	425
1488551469	425
1488551470	426
1488551471	426
1488551472	426
1488551473	426
1488551474	426
1488551475	425
1488551476	425
1488551477	425
1488551479	425
1488551480	425
1488551481	425
1488551482	425
1488551483	425
1488551484	425
1488551485	425
1488551486	425
1488551487	425
1488551488	425
1488551489	425
1488551490	425
1488551492	425
1488551493	425
1488551494	425
1488551495	425
1488551496	425
1488551497	425
1488551498	425
1488551499	424
1488551500	424
1488551501	425
1488551502	425
1488551503	425
1488551505	425
1488551506	424
1488551507	424
1488551508	424
1488551509	424
1488551510	424
1488551511	424
1488551512	424
1488551513	424
1488551514	424
1488551515	424
1488551516	424
1488551517	424
1488551519	424
1488551520	424
1488551521	424
1488551522	423
1488551523	423
1488551524	423
1488551525	423
1488551526	423
1488551527	423
1488551528	423
1488551529	423
1488551530	423
1488551531	423
1488551533	423
1488551534	423
1488551535	423
1488551536	423
1488551537	423
1488551538	423
1488551539	423
1488551540	423
1488551541	423
1488551542	423
1488551543	423
1488551544	423
1488551546	423
1488551547	423
1488551548	423
1488551549	423
1488551550	423
1488551551	423
1488551552	423
1488551553	423
1488551554	423
1488551555	423
1488551556	423
1488551557	423
1488551558	423
1488551559	423
1488551561	423
1488551562	423
1488551563	423
1488551564	423
1488551565	423
1488551566	423
1488551567	423
1488551568	423
1488551569	423
1488551570	423
1488551571	423
1488551572	423
1488551573	423
1488551575	423
1488551576	423
1488551577	423
1488551578	423
1488551579	423
1488551580	423
1488551581	423
1488551582	423
1488551583	423
1488551584	423
1488551585	423
1488551586	423
1488551587	423
1488551589	423
1488551590	423
1488551591	423
1488551592	423
1488551593	423
1488551594	423
1488551595	423
1488551596	423
1488551597	423
1488551598	423
1488551599	423
1488551600	423
1488551602	423
1488551603	423
1488551604	423
1488551605	423
1488551606	423
1488551607	423
1488551608	423
1488551609	424
1488551610	424
1488551611	424
1488551612	424
1488551613	424
1488551615	424
1488551616	424
1488551617	424
1488551618	424
1488551619	424
1488551620	423
1488551621	423
1488551622	423
1488551623	423
1488551624	423
1488551625	423
1488551626	424
1488551628	423
1488551629	423
1488551630	423
1488551631	423
1488551632	423
1488551633	423
1488551634	423
1488551635	423
1488551636	423
1488551637	423
1488551638	423
1488551639	423
1488551640	423
1488551642	423
1488551643	423
1488551644	423
1488551645	423
1488551646	423
1488551647	423
1488551648	423
1488551649	423
1488551650	423
1488551651	423
1488551652	423
1488551653	423
1488551654	422
1488551656	423
1488551657	423
1488551658	423
1488551659	423
1488551660	423
1488551661	423
1488551662	423
1488551663	423
1488551664	423
1488551665	423
1488551666	423
1488551667	423
1488551668	423
1488551670	423
1488551671	423
1488551672	423
1488551673	423
1488551674	423
1488551675	423
1488551676	423
1488551677	423
1488551678	423
1488551679	423
1488551680	423
1488551681	423
1488551682	423
1488551684	423
1488551685	423
1488551686	423
1488551687	423
1488551688	423
1488551689	423
1488551690	423
1488551691	423
1488551692	423
1488551693	423
1488551694	422
1488551696	422
1488551697	422
1488551698	422
1488551699	422
1488551700	422
1488551701	422
1488551702	422
1488551703	422
1488551704	422
1488551705	422
1488551706	422
1488551707	423
1488551708	423
1488551710	423
1488551711	423
1488551712	423
1488551713	423
1488551714	423
1488551715	423
1488551716	423
1488551717	423
1488551718	423
1488551719	423
1488551720	423
1488551721	423
1488551722	423
1488551724	423
1488551725	423
1488551726	423
1488551727	423
1488551728	423
1488551729	423
1488551730	423
1488551731	423
1488551732	423
1488551733	423
1488551734	423
1488551735	423
1488551737	423
1488551738	423
1488551739	424
1488551740	424
1488551741	424
1488551742	424
1488551743	424
1488551744	424
1488551745	424
1488551746	424
1488551747	424
1488551748	424
1488551750	424
1488551751	424
1488551752	424
1488551753	424
1488551754	424
1488551755	424
1488551756	424
1488551757	423
1488551758	424
1488551759	424
1488551760	424
1488551761	424
1488551762	424
1488551764	424
1488551765	424
1488551766	424
1488551767	424
1488551768	424
1488551769	424
1488551770	424
1488551771	424
1488551772	424
1488551773	424
1488551774	424
1488551775	424
1488551777	424
1488551778	424
1488551779	424
1488551780	424
1488551781	423
1488551782	423
1488551783	423
1488551784	424
1488551785	424
1488551786	424
1488551787	424
1488551788	424
1488551789	424
1488551791	424
1488551792	423
1488551793	424
1488551794	424
1488551795	424
1488551796	424
1488551797	424
1488551798	424
1488551799	424
1488551800	424
1488551801	424
1488551802	424
1488551803	424
1488551805	424
1488551806	424
1488551807	424
1488551808	424
1488551809	424
1488551810	424
1488551811	424
1488551812	424
1488551813	423
1488551814	423
1488551815	423
1488551816	423
1488551817	423
1488551819	423
1488551820	422
1488551821	422
1488551822	422
1488551823	423
1488551824	422
1488551825	422
1488551826	423
1488551827	423
1488551828	423
1488551829	423
1488551830	423
1488551831	423
1488551833	423
1488551834	423
1488551835	423
1488551836	423
1488551837	422
1488551838	422
1488551839	422
1488551840	423
1488551841	423
1488551842	423
1488551843	423
1488551844	423
1488551845	423
1488551847	423
1488551848	423
1488551849	423
1488551850	423
1488551851	423
1488551852	423
1488551853	423
1488551854	423
1488551855	423
1488551856	422
1488551857	423
1488551858	423
1488551859	423
1488551861	423
1488551862	423
1488551863	423
1488551864	423
1488551865	423
1488551866	423
1488551867	423
1488551868	423
1488551869	423
1488551870	423
1488551871	423
1488551872	423
1488551874	423
1488551875	424
1488551876	424
1488551877	424
1488551878	424
1488551879	424
1488551880	424
1488551881	424
1488551882	424
1488551883	424
1488551884	424
1488551885	424
1488551886	424
1488551888	424
1488551889	424
1488551890	424
1488551891	424
1488551892	424
1488551893	424
1488551894	424
1488551895	424
1488551896	424
1488551897	424
1488551898	424
1488551899	424
1488551901	424
1488551902	424
1488551903	424
1488551904	424
1488551905	424
1488551906	425
1488551907	425
1488551908	425
1488551909	425
1488551910	425
1488551911	425
1488551912	425
1488551914	425
1488551915	425
1488551916	425
1488551917	425
1488551918	425
1488551919	425
1488551920	425
1488551921	425
1488551922	425
1488551923	425
1488551924	425
1488551925	425
1488551927	425
1488551928	425
1488551929	425
1488551930	425
1488551931	425
1488551932	425
1488551933	425
1488551934	425
1488551935	425
1488551936	425
1488551937	425
1488551938	425
1488551939	425
1488551940	425
1488551942	425
1488551943	425
1488551944	425
1488551945	425
1488551946	425
1488551947	425
1488551948	424
1488551949	425
1488551950	425
1488551951	425
1488551952	425
1488551953	425
1488551954	425
1488551955	425
1488551957	425
1488551958	425
1488551959	425
1488551960	425
1488551961	425
1488551962	425
1488551963	425
1488551964	425
1488551965	425
1488551966	425
1488551967	425
1488551968	425
1488551970	424
1488551971	424
1488551972	424
1488551973	424
1488551974	424
1488551975	424
1488551976	424
1488551977	424
1488551978	424
1488551979	425
1488551980	425
1488551982	425
1488551983	425
1488551984	424
1488551985	424
1488551986	424
1488551987	424
1488551988	424
1488551989	425
1488551990	424
1488551991	424
1488551992	424
1488551993	425
1488551995	425
1488551996	425
1488551997	425
1488551998	425
1488551999	424
1488552000	424
1488552001	424
1488552002	424
1488552003	424
1488552004	424
1488552005	424
1488552007	424
1488552008	424
1488552009	424
1488552010	424
1488552011	424
1488552012	424
1488552013	424
1488552014	424
1488552015	424
1488552016	424
1488552017	423
1488552018	423
1488552020	423
1488552021	423
1488552022	423
1488552023	423
1488552024	423
1488552025	424
1488552026	424
1488552027	424
1488552028	424
1488552029	424
1488552030	424
1488552031	424
1488552033	424
1488552034	424
1488552035	424
1488552036	424
1488552037	424
1488552038	424
1488552039	423
1488552040	423
1488552041	423
1488552042	423
1488552043	423
1488552044	423
1488552045	423
1488552047	423
1488552048	423
1488552049	423
1488552050	423
1488552051	422
1488552052	422
1488552053	422
1488552054	422
1488552055	422
1488552056	422
1488552057	421
1488552059	421
1488552060	422
1488552061	422
1488552062	422
1488552063	422
1488552064	422
1488552065	422
1488552066	422
1488552067	422
1488552068	422
1488552069	423
1488552070	422
1488552071	422
1488552073	423
1488552074	423
1488552075	423
1488552076	423
1488552077	423
1488552078	423
1488552079	423
1488552080	423
1488552081	423
1488552082	423
1488552083	423
1488552084	423
1488552085	423
1488552087	423
1488552088	423
1488552089	423
1488552090	423
1488552091	423
1488552092	423
1488552093	423
1488552094	423
1488552095	423
1488552096	423
1488552097	423
1488552098	423
1488552100	423
1488552101	423
1488552102	423
1488552103	423
1488552104	423
1488552105	423
1488552106	423
1488552107	423
1488552108	423
1488552109	423
1488552110	423
1488552111	422
1488552112	422
1488552114	422
1488552115	422
1488552116	422
1488552117	422
1488552118	422
1488552119	422
1488552120	422
1488552121	422
1488552122	422
1488552123	422
1488552124	422
1488552125	422
1488552126	422
1488552128	422
1488552129	422
1488552130	422
1488552131	422
1488552132	422
1488552133	422
1488552134	422
1488552135	422
1488552136	422
1488552137	422
1488552138	422
1488552139	422
1488552140	422
1488552142	422
1488552143	422
1488552144	422
1488552145	422
1488552146	422
1488552147	422
1488552148	422
1488552149	422
1488552150	422
1488552151	422
1488552152	422
1488552153	422
1488552155	422
1488552156	422
1488552157	422
1488552158	422
1488552159	423
1488552160	423
1488552161	423
1488552162	423
1488552163	423
1488552164	423
1488552165	423
1488552166	422
1488552168	423
1488552169	423
1488552170	423
1488552171	423
1488552172	423
1488552173	423
1488552174	423
1488552175	423
1488552176	423
1488552177	423
1488552178	423
1488552179	423
1488552180	423
1488552182	423
1488552183	423
1488552184	423
1488552185	423
1488552186	423
1488552187	423
1488552188	423
1488552189	423
1488552190	423
1488552191	423
1488552192	423
1488552193	423
1488552195	423
1488552196	423
1488552197	423
1488552198	423
1488552199	423
1488552200	423
1488552201	423
1488552202	423
1488552203	423
1488552204	423
1488552205	423
1488552206	423
1488552207	423
1488552209	423
1488552210	423
1488552211	423
1488552212	423
1488552213	423
1488552214	423
1488552215	423
1488552216	423
1488552217	423
1488552218	422
1488552219	423
1488552220	422
1488552221	422
1488552223	422
1488552224	423
1488552225	423
1488552226	423
1488552227	423
1488552228	423
1488552229	423
1488552230	423
1488552231	423
1488552232	423
1488552233	423
1488552234	423
1488552235	423
1488552237	423
1488552238	423
1488552239	423
1488552240	423
1488552241	423
1488552242	423
1488552243	423
1488552244	423
1488552245	423
1488552246	423
1488552247	423
1488552248	423
1488552249	423
1488552251	423
1488552252	423
1488552253	423
1488552254	423
1488552255	423
1488552256	423
1488552257	423
1488552258	424
1488552259	424
1488552260	424
1488552261	424
1488552262	424
1488552264	424
1488552265	424
1488552266	424
1488552267	424
1488552268	424
1488552269	424
1488552270	424
1488552271	424
1488552272	424
1488552273	424
1488552274	424
1488552275	424
1488552277	424
1488552278	424
1488552279	424
1488552280	423
1488552281	423
1488552282	423
1488552283	423
1488552284	423
1488552285	423
1488552286	423
1488552287	423
1488552288	423
1488552290	423
1488552291	423
1488552292	423
1488552293	423
1488552294	423
1488552295	423
1488552296	423
1488552297	423
1488552298	423
1488552299	423
1488552300	423
1488552301	424
1488552303	424
1488552304	424
1488552305	424
1488552306	424
1488552307	424
1488552308	424
1488552309	424
1488552310	424
1488552311	424
1488552312	424
1488552313	424
1488552314	424
1488552315	424
1488552317	424
1488552318	424
1488552319	424
1488552320	424
1488552321	424
1488552322	424
1488552323	424
1488552324	424
1488552325	424
1488552326	424
1488552327	424
1488552328	424
1488552329	424
1488552331	424
1488552332	424
1488552333	424
1488552334	424
1488552335	423
1488552336	423
1488552337	423
1488552338	423
1488552339	423
1488552340	423
1488552341	423
1488552342	423
1488552343	423
1488552345	423
1488552346	423
1488552347	423
1488552348	423
1488552349	423
1488552350	423
1488552351	423
1488552352	423
1488552353	423
1488552354	423
1488552355	423
1488552356	423
1488552357	423
1488552359	423
1488552360	423
1488552361	423
1488552362	423
1488552363	423
1488552364	424
1488552365	424
1488552366	424
1488552367	423
1488552368	423
1488552369	423
1488552370	423
1488552372	423
1488552373	423
1488552374	423
1488552375	423
1488552376	423
1488552377	423
1488552378	423
1488552379	423
1488552380	423
1488552381	423
1488552382	423
1488552383	423
1488552385	423
1488552386	422
1488552387	422
1488552388	422
1488552389	422
1488552390	422
1488552391	422
1488552392	422
1488552393	422
1488552394	422
1488552395	422
1488552396	422
1488552398	422
1488552399	422
1488552400	422
1488552401	422
1488552402	422
1488552403	422
1488552404	422
1488552405	422
1488552406	422
1488552407	422
1488552408	422
1488552409	422
1488552410	422
1488552412	422
1488552413	422
1488552414	422
1488552415	422
1488552416	422
1488552417	422
1488552418	421
1488552419	421
1488552420	422
1488552421	421
1488552422	421
1488552423	422
1488552425	422
1488552426	422
1488552427	421
1488552428	421
1488552429	421
1488552430	421
1488552431	421
1488552432	422
1488552433	422
1488552434	422
1488552435	422
1488552436	422
1488552438	422
1488552439	422
1488552440	422
1488552441	422
1488552442	422
1488552443	422
1488552444	422
1488552445	422
1488552446	422
1488552447	422
1488552448	422
1488552449	422
1488552451	422
1488552452	422
1488552453	421
1488552454	421
1488552455	421
1488552456	421
1488552457	421
1488552458	421
1488552459	421
1488552460	421
1488552461	421
1488552462	421
1488552463	421
1488552465	421
1488552466	421
1488552467	421
1488552468	421
1488552469	421
1488552470	421
1488552471	421
1488552472	421
1488552473	421
1488552474	421
1488552475	421
1488552476	421
1488552477	422
1488552479	422
1488552480	422
1488552481	422
1488552482	422
1488552483	422
1488552484	422
1488552485	422
1488552486	422
1488552487	422
1488552488	422
1488552489	422
1488552490	422
1488552492	422
1488552493	422
1488552494	422
1488552495	422
1488552496	422
1488552497	422
1488552498	422
1488552499	422
1488552500	422
1488552501	422
1488552502	422
1488552503	422
1488552504	422
1488552506	422
1488552507	422
1488552508	422
1488552509	422
1488552510	422
1488552511	422
1488552512	422
1488552513	422
1488552514	422
1488552515	422
1488552516	422
1488552517	422
1488552518	422
1488552519	422
1488552521	422
1488552522	422
1488552523	422
1488552524	422
1488552525	422
1488552526	422
1488552527	422
1488552528	422
1488552529	422
1488552530	422
1488552531	422
1488552532	422
1488552534	422
1488552535	422
1488552536	422
1488552537	422
1488552538	422
1488552539	422
1488552540	422
1488552541	422
1488552542	422
1488552543	422
1488552544	422
1488552545	422
1488552547	422
1488552548	422
1488552549	422
1488552550	422
1488552551	422
1488552552	422
1488552553	422
1488552554	422
1488552555	422
1488552556	422
1488552557	422
1488552558	422
1488552559	422
1488552561	422
1488552562	423
1488552563	423
1488552564	423
1488552565	423
1488552566	423
1488552567	423
1488552568	423
1488552569	423
1488552570	423
1488552571	422
1488552572	422
1488552574	422
1488552575	422
1488552576	422
1488552577	422
1488552578	423
1488552579	423
1488552580	422
1488552581	422
1488552582	422
1488552583	422
1488552584	422
1488552585	422
1488552586	422
1488552588	422
1488552589	423
1488552590	423
1488552591	423
1488552592	423
1488552593	423
1488552594	423
1488552595	423
1488552596	423
1488552597	423
1488552598	423
1488552599	423
1488552600	423
1488552602	423
1488552603	423
1488552604	423
1488552605	423
1488552606	423
1488552607	423
1488552608	423
1488552609	423
1488552610	423
1488552611	423
1488552612	423
1488552613	423
1488552615	423
1488552616	423
1488552617	422
1488552618	423
1488552619	423
1488552620	422
1488552621	422
1488552622	422
1488552623	422
1488552624	423
