Co2 Data from 2017/3/31 7:25:26
Sensor is K30 FR from Co2meter.com, In Blue Box

Time(Unix)	Co2(ppm)
1490945126	356
1490945127	536
1490945129	598
1490945130	393
1490945131	480
1490945132	449
1490945133	435
1490945134	436
1490945135	407
1490945136	438
1490945137	392
1490945138	286
1490945139	341
1490945140	376
1490945141	460
1490945143	505
1490945144	554
1490945145	632
1490945146	585
1490945147	488
1490945148	515
1490945149	340
1490945150	372
1490945151	416
1490945152	271
1490945153	297
1490945154	355
1490945155	431
1490945157	369
1490945158	312
1490945159	339
1490945160	350
1490945161	440
1490945162	382
1490945163	347
1490945164	296
1490945165	344
1490945166	333
1490945167	402
1490945168	287
1490945170	315
1490945171	353
1490945172	439
1490945173	426
1490945174	430
1490945175	508
1490945176	427
1490945177	397
1490945178	454
1490945179	401
1490945180	469
1490945181	446
1490945182	415
1490945184	438
1490945185	338
1490945186	505
1490945187	461
1490945188	340
1490945189	345
1490945190	241
1490945191	321
1490945192	262
1490945193	365
1490945194	392
1490945195	456
1490945196	373
1490945198	484
1490945199	475
1490945200	506
1490945201	432
1490945202	440
1490945203	557
1490945204	448
1490945205	551
1490945206	524
1490945207	437
1490945208	420
1490945209	461
1490945210	462
1490945212	469
1490945213	276
1490945214	329
1490945215	209
1490945216	172
1490945217	317
1490945218	368
1490945219	487
1490945220	393
1490945221	519
1490945222	425
1490945223	385
1490945224	388
1490945226	586
1490945227	377
1490945228	321
1490945229	287
1490945230	353
1490945231	354
1490945232	324
1490945233	409
1490945234	377
1490945235	436
1490945236	531
1490945238	550
1490945239	423
1490945240	299
1490945241	406
1490945242	542
1490945243	465
1490945244	488
1490945245	375
1490945246	421
1490945247	398
1490945248	408
1490945249	411
1490945251	353
1490945252	260
1490945253	368
1490945254	344
1490945255	392
1490945256	487
1490945257	504
1490945258	423
1490945259	432
1490945260	429
1490945261	508
1490945262	339
1490945264	454
1490945265	383
1490945266	376
1490945267	419
1490945268	551
1490945269	691
1490945270	720
1490945271	430
1490945272	501
1490945273	437
1490945274	435
1490945275	361
1490945277	488
1490945278	515
1490945279	510
1490945280	340
1490945281	357
1490945282	308
1490945283	504
1490945284	525
1490945285	482
1490945286	582
1490945287	454
1490945288	432
1490945289	484
1490945291	378
1490945292	423
1490945293	406
1490945294	230
1490945295	456
1490945296	389
1490945297	607
1490945298	505
1490945299	591
1490945300	665
1490945301	601
1490945302	418
1490945304	609
1490945305	401
1490945306	385
1490945307	260
1490945308	196
1490945309	495
1490945310	468
1490945311	336
1490945312	282
1490945313	186
1490945314	326
1490945315	253
1490945316	421
1490945318	486
1490945319	484
1490945320	525
1490945321	427
1490945322	372
1490945323	469
1490945324	375
1490945325	407
1490945326	384
1490945327	196
1490945328	415
1490945329	274
1490945330	410
1490945332	362
1490945333	469
1490945334	532
1490945335	377
1490945336	387
1490945337	399
1490945338	198
1490945339	324
1490945340	291
1490945341	456
1490945342	319
1490945343	452
1490945344	394
1490945345	266
1490945347	337
1490945348	485
1490945349	400
1490945350	596
1490945351	562
1490945352	377
1490945353	337
1490945354	274
1490945355	268
1490945356	226
1490945357	271
1490945358	316
1490945360	422
1490945361	453
1490945362	567
1490945363	359
1490945364	426
1490945365	589
1490945366	509
1490945367	669
1490945368	365
1490945369	359
1490945370	353
1490945372	240
1490945373	274
1490945374	349
1490945375	579
1490945376	406
1490945377	415
1490945378	449
1490945379	369
1490945380	529
1490945381	475
1490945382	297
1490945383	450
1490945384	581
1490945386	537
1490945387	617
1490945388	320
1490945389	292
1490945390	470
1490945391	462
1490945392	526
1490945393	431
1490945394	416
1490945395	277
1490945396	223
1490945397	255
1490945399	284
1490945400	345
1490945401	442
1490945402	492
1490945403	434
1490945404	395
1490945405	319
1490945406	249
1490945407	407
1490945408	418
1490945409	479
1490945410	577
1490945411	583
1490945413	586
1490945414	457
1490945415	361
1490945416	392
1490945417	453
1490945418	645
1490945419	377
1490945420	312
1490945421	241
1490945422	277
1490945423	229
1490945424	437
1490945425	523
1490945427	377
1490945428	316
1490945429	514
1490945430	344
1490945431	274
1490945432	368
1490945433	400
1490945434	344
1490945435	449
1490945436	246
1490945437	192
1490945438	370
1490945440	429
1490945441	429
1490945442	460
1490945443	459
1490945444	377
1490945445	504
1490945446	383
1490945447	277
1490945448	336
1490945449	372
1490945450	330
1490945451	329
1490945453	289
1490945454	388
1490945455	205
1490945456	304
1490945457	368
1490945458	327
1490945459	409
1490945460	300
1490945461	358
1490945462	421
1490945463	236
1490945464	296
1490945465	315
1490945466	401
1490945468	262
1490945469	253
1490945470	402
1490945471	624
1490945472	363
1490945473	414
1490945474	418
1490945475	561
1490945476	383
1490945477	418
1490945478	481
1490945479	279
1490945480	436
1490945482	439
1490945483	468
1490945484	604
1490945485	440
1490945486	631
1490945487	746
1490945488	467
1490945489	357
1490945490	477
1490945491	451
1490945492	632
1490945493	396
1490945495	425
1490945496	445
1490945497	333
1490945498	267
1490945499	338
1490945500	501
1490945501	330
1490945502	416
1490945503	404
1490945504	471
1490945505	540
1490945506	403
1490945508	415
1490945509	467
1490945510	455
1490945511	335
1490945512	362
1490945513	278
1490945514	298
1490945515	534
1490945516	463
1490945517	692
1490945518	615
1490945519	611
1490945521	515
1490945522	475
1490945523	499
1490945524	389
1490945525	305
1490945526	285
1490945527	333
1490945528	418
1490945529	426
1490945530	260
1490945531	529
1490945532	575
1490945534	521
1490945535	557
1490945536	474
1490945537	314
1490945538	345
1490945539	374
1490945540	435
1490945541	407
1490945542	364
1490945543	267
1490945544	349
1490945545	383
1490945546	459
1490945547	544
1490945549	725
1490945550	683
1490945551	480
1490945552	340
1490945553	184
1490945554	261
1490945555	287
1490945556	505
1490945557	604
1490945558	468
1490945559	484
1490945560	361
1490945562	260
1490945563	376
1490945564	341
1490945565	561
1490945566	570
1490945567	624
1490945568	350
1490945569	399
1490945570	512
1490945571	510
1490945572	335
1490945573	476
1490945575	278
1490945576	473
1490945577	309
1490945578	442
1490945579	471
1490945580	407
1490945581	629
1490945582	409
1490945583	262
1490945584	324
1490945585	327
1490945586	321
1490945588	187
1490945589	219
1490945590	333
1490945591	268
1490945592	142
1490945593	238
1490945594	231
1490945595	220
1490945596	290
1490945597	343
1490945598	450
1490945599	299
1490945600	275
1490945601	362
1490945603	275
1490945604	405
1490945605	379
1490945606	390
1490945607	433
1490945608	328
1490945609	298
1490945610	413
1490945611	324
1490945612	326
1490945613	290
1490945614	380
1490945615	686
1490945617	268
1490945618	337
1490945619	290
1490945620	201
1490945621	402
1490945622	441
1490945623	364
1490945624	293
1490945625	303
1490945626	511
1490945627	408
1490945628	284
1490945630	348
1490945631	523
1490945632	423
1490945633	475
1490945634	272
1490945635	339
1490945636	342
1490945637	432
1490945638	402
1490945639	697
1490945640	622
1490945641	463
1490945642	396
1490945644	442
1490945645	431
1490945646	584
1490945647	565
1490945648	289
1490945649	545
1490945650	409
1490945651	333
1490945652	347
1490945653	454
1490945654	433
1490945655	439
1490945656	478
1490945658	465
1490945659	377
1490945660	623
1490945661	527
1490945662	477
1490945663	647
1490945664	375
1490945665	390
1490945666	448
1490945667	404
1490945668	461
1490945669	353
1490945671	387
1490945672	529
1490945673	648
1490945674	604
1490945675	508
1490945676	332
1490945677	199
1490945678	236
1490945679	473
1490945680	399
1490945681	365
1490945683	484
1490945684	517
1490945685	474
1490945686	404
1490945687	351
1490945688	261
1490945689	331
1490945690	498
1490945691	426
1490945692	404
1490945693	388
1490945694	333
1490945696	379
1490945697	562
1490945698	520
1490945699	459
1490945700	370
1490945701	433
1490945702	390
1490945703	468
1490945704	597
1490945705	770
1490945706	517
1490945707	486
1490945708	334
1490945710	270
1490945711	437
1490945712	569
1490945713	378
1490945714	338
1490945715	460
1490945716	417
1490945717	496
1490945718	339
1490945719	262
1490945720	187
1490945721	314
1490945723	229
1490945724	300
1490945725	279
1490945726	167
1490945727	166
1490945728	102
1490945729	382
1490945730	427
1490945731	581
1490945732	494
1490945733	336
1490945734	209
1490945735	372
1490945737	249
1490945738	355
1490945739	445
1490945740	369
1490945741	558
1490945742	318
1490945743	367
1490945744	337
1490945745	358
1490945746	287
1490945747	253
1490945748	320
1490945749	461
1490945751	557
1490945752	284
1490945753	150
1490945754	114
1490945755	302
1490945756	428
1490945757	432
1490945758	287
1490945759	341
1490945760	340
1490945761	334
1490945762	432
1490945763	561
1490945765	526
1490945766	623
1490945767	320
1490945768	534
1490945769	746
1490945770	580
1490945771	528
1490945772	353
1490945773	292
1490945774	405
1490945775	394
1490945776	478
1490945777	643
1490945778	727
1490945780	629
1490945781	578
1490945782	519
1490945783	439
1490945784	490
1490945785	381
1490945786	345
1490945787	341
1490945788	503
1490945789	611
1490945790	450
1490945791	280
1490945793	251
1490945794	334
1490945795	352
1490945796	466
1490945797	498
1490945798	629
1490945799	675
1490945800	597
1490945801	423
1490945802	275
1490945803	371
1490945804	578
1490945806	378
1490945807	300
1490945808	471
1490945809	496
1490945810	369
1490945811	424
1490945812	413
1490945813	320
1490945814	438
1490945815	530
1490945816	364
1490945817	231
1490945819	367
1490945820	457
1490945821	403
1490945822	404
1490945823	227
1490945824	323
1490945825	417
1490945826	365
1490945827	364
1490945828	307
1490945829	346
1490945830	300
1490945832	437
1490945833	300
1490945834	326
1490945835	530
1490945836	377
1490945837	297
1490945838	353
1490945839	268
1490945840	331
1490945841	399
1490945842	192
1490945843	329
1490945844	384
1490945846	468
1490945847	523
1490945848	396
1490945849	396
1490945850	260
1490945851	296
1490945852	224
1490945853	374
1490945854	584
1490945855	647
1490945856	661
1490945857	499
1490945858	361
1490945860	299
1490945861	338
1490945862	437
1490945863	444
1490945864	423
1490945865	442
1490945866	358
1490945867	281
1490945868	347
1490945869	325
1490945870	375
1490945871	465
1490945873	406
1490945874	560
1490945875	400
1490945876	410
1490945877	406
1490945878	379
1490945879	408
1490945880	599
1490945881	454
1490945882	542
1490945883	334
1490945884	316
1490945885	339
1490945887	297
1490945888	376
1490945889	309
1490945890	173
1490945891	244
1490945892	254
1490945893	226
1490945894	598
1490945895	596
1490945896	546
1490945897	303
1490945898	310
1490945899	336
1490945900	321
1490945902	250
1490945903	407
1490945904	244
1490945905	532
1490945906	381
1490945907	178
1490945908	259
1490945909	206
1490945910	244
1490945911	249
1490945912	340
1490945913	550
1490945915	369
1490945916	284
1490945917	374
1490945918	278
1490945919	232
1490945920	283
1490945921	481
1490945922	411
1490945923	414
1490945924	395
1490945925	355
1490945926	292
1490945927	623
1490945929	625
1490945930	452
1490945931	396
1490945932	422
1490945933	406
1490945934	474
1490945935	627
1490945936	667
1490945937	567
1490945938	668
1490945939	345
1490945940	387
1490945942	280
1490945943	215
1490945944	388
1490945945	306
1490945946	272
1490945947	130
1490945948	218
1490945949	213
1490945950	236
1490945951	292
1490945952	419
1490945953	536
1490945954	488
1490945956	518
1490945957	415
1490945958	559
1490945959	390
1490945960	716
1490945961	898
1490945962	664
1490945963	555
1490945964	423
1490945965	164
1490945966	283
1490945967	470
1490945968	478
1490945970	476
1490945971	402
1490945972	565
1490945973	430
1490945974	342
1490945975	320
1490945976	224
1490945977	423
1490945978	507
1490945979	301
1490945980	455
1490945981	543
1490945983	544
1490945984	303
1490945985	584
1490945986	468
1490945987	465
1490945988	353
1490945989	420
1490945990	363
1490945991	412
1490945992	221
1490945993	220
1490945994	221
1490945996	258
1490945997	326
1490945998	294
1490945999	558
1490946000	419
1490946001	384
1490946002	397
1490946003	415
1490946004	408
1490946005	307
1490946006	134
1490946007	128
1490946008	256
1490946010	180
1490946011	421
1490946012	372
1490946013	350
1490946014	232
1490946015	186
1490946016	310
1490946017	303
1490946018	517
1490946019	572
1490946020	573
1490946021	517
1490946022	392
1490946024	202
1490946025	430
1490946026	440
1490946027	436
1490946028	635
1490946029	466
1490946030	417
1490946031	238
1490946032	330
1490946033	352
1490946034	436
1490946035	584
1490946036	523
1490946038	452
1490946039	571
1490946040	427
1490946041	568
1490946042	737
1490946043	565
1490946044	384
1490946045	267
1490946046	316
1490946047	442
1490946048	367
1490946049	407
1490946051	376
1490946052	380
1490946053	413
1490946054	317
1490946055	358
1490946056	509
1490946057	449
1490946058	351
1490946059	459
1490946060	456
1490946061	315
1490946062	280
1490946064	285
1490946065	302
1490946066	302
1490946067	394
1490946068	414
1490946069	354
1490946070	617
1490946071	427
1490946072	383
1490946073	308
1490946074	382
1490946075	510
1490946076	333
1490946078	508
1490946079	380
1490946080	389
1490946081	382
1490946082	277
1490946083	346
1490946084	378
1490946085	416
1490946086	423
1490946087	279
1490946088	279
1490946089	328
1490946090	281
1490946092	295
1490946093	321
1490946094	414
1490946095	489
1490946096	374
1490946097	388
1490946098	368
1490946099	335
1490946100	508
1490946101	423
1490946102	464
1490946103	411
1490946105	267
1490946106	343
1490946107	384
1490946108	312
1490946109	382
1490946110	315
1490946111	320
1490946112	343
1490946113	328
1490946114	243
1490946115	262
1490946116	276
1490946118	423
1490946119	426
1490946120	469
1490946121	445
1490946122	548
1490946123	369
1490946124	269
1490946125	431
1490946126	368
1490946127	379
1490946128	255
1490946129	163
1490946130	326
1490946132	351
1490946133	337
1490946134	423
1490946135	350
1490946136	319
1490946137	308
1490946138	324
1490946139	381
1490946140	379
1490946141	400
1490946142	421
1490946143	417
1490946145	380
1490946146	326
1490946147	405
1490946148	395
1490946149	361
1490946150	384
1490946151	387
1490946152	484
1490946153	489
1490946154	409
1490946155	408
1490946156	375
1490946157	433
1490946159	576
1490946160	490
1490946161	461
1490946162	525
1490946163	378
1490946164	447
1490946165	303
1490946166	323
1490946167	414
1490946168	506
1490946169	437
1490946170	297
1490946171	324
1490946173	322
1490946174	264
1490946175	363
1490946176	398
1490946177	480
1490946178	455
1490946179	438
1490946180	430
1490946181	425
1490946182	423
1490946183	421
1490946184	419
1490946185	419
1490946186	418
1490946188	417
1490946189	416
1490946190	414
1490946191	412
1490946192	411
1490946193	409
1490946194	408
1490946195	407
1490946196	407
1490946197	407
1490946198	406
1490946199	406
1490946201	406
1490946202	405
1490946203	405
1490946204	404
1490946205	404
1490946206	404
1490946207	404
1490946208	403
1490946209	403
1490946210	402
1490946211	402
1490946213	403
1490946214	403
1490946215	401
1490946216	401
1490946217	401
1490946218	402
1490946219	401
1490946220	390
1490946221	391
1490946222	392
1490946223	394
1490946224	394
1490946225	365
1490946227	370
1490946228	337
1490946229	370
1490946230	324
1490946231	333
1490946232	347
1490946233	298
1490946234	295
1490946235	344
1490946236	348
1490946237	290
1490946238	408
1490946240	405
1490946241	364
1490946242	319
1490946243	345
1490946244	290
1490946245	423
1490946246	424
1490946247	416
1490946248	385
1490946249	456
1490946250	440
1490946251	421
1490946252	482
1490946254	480
1490946255	459
1490946256	464
1490946257	478
1490946258	368
1490946259	260
1490946260	368
1490946261	304
1490946262	404
1490946263	417
1490946264	335
1490946265	392
1490946267	322
1490946268	352
1490946269	359
1490946270	372
1490946271	378
1490946272	591
1490946273	499
1490946274	498
1490946275	457
1490946276	294
1490946277	347
1490946278	354
1490946280	384
1490946281	289
1490946282	420
1490946283	572
1490946284	461
1490946285	457
1490946286	478
1490946287	520
1490946288	478
1490946289	432
1490946290	483
1490946291	576
1490946292	537
1490946293	536
1490946295	358
1490946296	374
1490946297	319
1490946298	332
1490946299	463
1490946300	334
1490946301	244
1490946302	333
1490946303	391
1490946304	531
1490946305	320
1490946306	238
1490946307	310
1490946309	424
1490946310	422
1490946311	420
1490946312	425
1490946313	448
1490946314	540
1490946315	425
1490946316	404
1490946317	254
1490946318	332
1490946319	400
1490946320	420
1490946321	341
1490946323	453
1490946324	551
1490946325	550
1490946326	406
1490946327	446
1490946328	412
1490946329	345
1490946330	533
1490946331	470
1490946332	454
1490946333	337
1490946334	437
1490946336	353
1490946337	265
1490946338	370
1490946339	374
1490946340	380
1490946341	405
1490946342	473
1490946343	375
1490946344	320
1490946345	324
1490946346	267
1490946347	277
1490946349	256
1490946350	449
1490946351	322
1490946352	296
1490946353	389
1490946354	321
1490946355	462
1490946356	366
1490946357	412
1490946358	433
1490946359	271
1490946360	330
1490946362	357
1490946363	453
1490946364	444
1490946365	405
1490946366	543
1490946367	490
1490946368	374
1490946369	582
1490946370	378
1490946371	511
1490946372	440
1490946373	394
1490946374	310
1490946376	243
1490946377	304
1490946378	444
1490946379	400
1490946380	375
1490946381	371
1490946382	409
1490946383	425
1490946384	379
1490946385	340
1490946386	291
1490946387	364
1490946389	316
1490946390	252
1490946391	437
1490946392	329
1490946393	344
1490946394	584
1490946395	619
1490946396	420
1490946397	277
1490946398	320
1490946399	283
1490946400	404
1490946401	418
1490946403	321
1490946404	279
1490946405	355
1490946406	410
1490946407	417
1490946408	396
1490946409	232
1490946410	241
1490946411	304
1490946412	372
1490946413	301
1490946414	388
1490946416	475
1490946417	420
1490946418	424
1490946419	517
1490946420	305
1490946421	534
1490946422	433
1490946423	371
1490946424	368
1490946425	419
1490946426	506
1490946427	560
1490946428	414
1490946430	426
1490946431	266
1490946432	372
1490946433	362
1490946434	426
1490946435	516
1490946436	419
1490946437	542
1490946438	369
1490946439	381
1490946440	413
1490946441	428
1490946442	325
1490946444	293
1490946445	341
1490946446	334
1490946447	250
1490946448	240
1490946449	347
1490946450	474
1490946451	423
1490946452	414
1490946453	537
1490946454	414
1490946455	407
1490946457	321
1490946458	374
1490946459	330
1490946460	382
1490946461	284
1490946462	352
1490946463	472
1490946464	392
1490946465	442
1490946466	409
1490946467	429
1490946468	576
1490946469	362
1490946471	396
1490946472	334
1490946473	361
1490946474	404
1490946475	369
1490946476	398
1490946477	431
1490946478	423
1490946479	496
1490946480	405
1490946481	409
1490946482	490
1490946484	449
1490946485	410
1490946486	330
1490946487	390
1490946488	454
1490946489	423
1490946490	392
1490946491	271
1490946492	340
1490946493	398
1490946494	502
1490946495	470
1490946496	481
1490946498	509
1490946499	446
1490946500	474
1490946501	434
1490946502	391
1490946503	241
1490946504	323
1490946505	330
1490946506	381
1490946507	396
1490946508	351
1490946509	283
1490946510	373
1490946512	378
1490946513	492
1490946514	411
1490946515	535
1490946516	445
1490946517	308
1490946518	456
1490946519	410
1490946520	354
1490946521	318
1490946522	286
1490946523	321
1490946524	374
1490946526	350
1490946527	397
1490946528	288
1490946529	424
1490946530	471
1490946531	397
1490946532	589
1490946533	469
1490946534	595
1490946535	596
1490946536	450
1490946537	431
1490946539	284
1490946540	300
1490946541	237
1490946542	297
1490946543	346
1490946544	214
1490946545	307
1490946546	355
1490946547	334
1490946548	351
1490946549	384
1490946550	340
1490946552	507
1490946553	386
1490946554	418
1490946555	387
1490946556	388
1490946557	425
1490946558	457
1490946559	504
1490946560	360
1490946561	440
1490946562	417
1490946563	314
1490946564	245
1490946566	259
1490946567	339
1490946568	410
1490946569	268
1490946570	340
1490946571	340
1490946572	267
1490946573	266
1490946574	262
1490946575	316
1490946576	374
1490946577	393
1490946578	416
1490946580	439
1490946581	624
1490946582	584
1490946583	538
1490946584	480
1490946585	411
1490946586	414
1490946587	331
1490946588	310
1490946589	286
1490946590	245
1490946591	386
1490946592	403
1490946594	277
1490946595	425
1490946596	543
1490946597	521
1490946598	505
1490946599	629
1490946600	367
1490946601	556
1490946602	353
1490946603	413
1490946604	398
1490946605	356
1490946606	395
1490946608	360
1490946609	395
1490946610	417
1490946611	312
1490946612	282
1490946613	318
1490946614	346
1490946615	462
1490946616	360
1490946617	454
1490946618	409
1490946619	360
1490946621	364
1490946622	420
1490946623	483
1490946624	383
1490946625	568
1490946626	643
1490946627	569
1490946628	488
1490946629	395
1490946630	290
1490946631	442
1490946632	444
1490946633	554
1490946634	591
1490946636	354
1490946637	393
1490946638	336
1490946639	379
1490946640	477
1490946641	314
1490946642	372
1490946643	377
1490946644	307
1490946645	208
1490946646	190
1490946647	220
1490946649	244
1490946650	295
1490946651	379
1490946652	409
1490946653	376
1490946654	409
1490946655	304
1490946656	354
1490946657	422
1490946658	596
1490946659	523
1490946660	432
1490946662	357
1490946663	384
1490946664	352
1490946665	470
1490946666	638
1490946667	521
1490946668	430
1490946669	257
1490946670	326
1490946671	368
1490946672	358
1490946673	296
1490946675	218
1490946676	235
1490946677	350
1490946678	425
1490946679	380
1490946680	318
1490946681	301
1490946682	340
1490946683	355
1490946684	295
1490946685	271
1490946686	259
1490946687	284
1490946689	405
1490946690	500
1490946691	509
1490946692	407
1490946693	512
1490946694	404
1490946695	433
1490946696	432
1490946697	436
1490946698	290
1490946699	295
1490946700	276
1490946702	410
1490946703	484
1490946704	384
1490946705	327
1490946706	374
1490946707	425
1490946708	493
1490946709	327
1490946710	370
1490946711	404
1490946712	386
1490946713	388
1490946714	401
1490946716	238
1490946717	350
1490946718	429
1490946719	374
1490946720	336
1490946721	329
1490946722	517
1490946723	444
1490946724	545
1490946725	479
1490946726	477
1490946727	441
1490946728	425
1490946729	319
1490946731	327
1490946732	348
1490946733	348
1490946734	374
1490946735	293
1490946736	383
1490946737	384
1490946738	395
1490946739	414
1490946740	357
1490946741	301
1490946742	371
1490946743	297
1490946745	362
1490946746	263
1490946747	235
1490946748	317
1490946749	421
1490946750	412
1490946751	416
1490946752	520
1490946753	473
1490946754	435
1490946755	433
1490946756	341
1490946758	337
1490946759	517
1490946760	470
1490946761	500
1490946762	392
1490946763	252
1490946764	366
1490946765	382
1490946766	484
1490946767	495
1490946768	298
1490946769	388
1490946771	360
1490946772	426
1490946773	575
1490946774	464
1490946775	446
1490946776	591
1490946777	381
1490946778	435
1490946779	380
1490946780	416
1490946781	338
1490946782	277
1490946784	336
1490946785	335
1490946786	285
1490946787	569
1490946788	477
1490946789	531
1490946790	359
1490946791	278
1490946792	438
1490946793	385
1490946794	408
1490946795	290
1490946797	203
1490946798	347
1490946799	359
1490946800	362
1490946801	370
1490946802	245
1490946803	345
1490946804	366
1490946805	465
1490946806	373
1490946807	398
1490946808	452
1490946809	389
1490946811	441
1490946812	483
1490946813	451
1490946814	542
1490946815	545
1490946816	329
1490946817	355
1490946818	291
1490946819	284
1490946820	232
1490946821	273
1490946822	371
1490946824	430
1490946825	517
1490946826	566
1490946827	546
1490946828	441
1490946829	308
1490946830	294
1490946831	415
1490946832	375
1490946833	389
1490946834	439
1490946835	431
1490946836	555
1490946838	413
1490946839	458
1490946840	456
1490946841	307
1490946842	376
1490946843	267
1490946844	255
1490946845	351
1490946846	348
1490946847	364
1490946848	245
1490946849	388
1490946851	494
1490946852	424
1490946853	431
1490946854	314
1490946855	469
1490946856	576
1490946857	544
1490946858	441
1490946859	368
1490946860	417
1490946861	446
1490946862	441
1490946863	526
1490946864	408
1490946866	264
1490946867	323
1490946868	396
1490946869	480
1490946870	453
1490946871	396
1490946872	558
1490946873	445
1490946874	374
1490946875	332
1490946876	226
1490946877	292
1490946878	439
1490946880	559
1490946881	389
1490946882	361
1490946883	406
1490946884	479
1490946885	460
1490946886	433
1490946887	415
1490946888	443
1490946889	444
1490946890	428
1490946891	444
1490946893	457
1490946894	405
1490946895	589
1490946896	521
1490946897	572
1490946898	494
1490946899	421
1490946900	421
1490946901	407
1490946902	431
1490946903	377
1490946904	233
1490946906	430
1490946907	426
1490946908	426
1490946909	305
1490946910	225
1490946911	243
1490946912	363
1490946913	272
1490946914	344
1490946915	315
1490946916	407
1490946917	368
1490946919	362
1490946920	359
1490946921	440
1490946922	328
1490946923	306
1490946924	268
1490946925	493
1490946926	476
1490946927	430
1490946928	536
1490946929	511
1490946930	534
1490946931	489
1490946933	418
1490946934	471
1490946935	382
1490946936	504
1490946937	568
1490946938	499
1490946939	571
1490946940	342
1490946941	438
1490946942	373
1490946943	410
1490946944	359
1490946945	377
1490946947	484
1490946948	376
1490946949	360
1490946950	432
1490946951	408
1490946952	405
1490946953	582
1490946954	469
1490946955	505
1490946956	347
1490946957	420
1490946958	320
1490946960	212
1490946961	365
1490946962	360
1490946963	452
1490946964	552
1490946965	285
1490946966	386
1490946967	362
1490946968	342
1490946969	325
1490946970	362
1490946971	455
1490946973	409
1490946974	378
1490946975	459
1490946976	324
1490946977	338
1490946978	382
1490946979	391
1490946980	370
1490946981	400
1490946982	437
1490946983	424
1490946984	359
1490946985	291
1490946987	333
1490946988	305
1490946989	397
1490946990	377
1490946991	384
1490946992	417
1490946993	515
1490946994	498
1490946995	314
1490946996	309
1490946997	459
1490946998	300
1490947000	261
1490947001	382
1490947002	325
1490947003	407
1490947004	382
1490947005	502
1490947006	437
1490947007	393
1490947008	392
1490947009	338
1490947010	390
1490947011	405
1490947012	446
1490947014	330
1490947015	260
1490947016	401
1490947017	365
1490947018	454
1490947019	482
1490947020	533
1490947021	409
1490947022	591
1490947023	571
1490947024	499
1490947025	454
1490947027	524
1490947028	553
1490947029	354
1490947030	452
1490947031	449
1490947032	379
1490947033	381
1490947034	332
1490947035	449
1490947036	344
1490947037	472
1490947038	528
1490947039	404
1490947041	493
1490947042	495
1490947043	458
1490947044	471
1490947045	512
1490947046	301
1490947047	358
1490947048	306
1490947049	365
1490947050	336
1490947051	374
1490947052	510
1490947053	423
1490947055	345
1490947056	358
1490947057	271
1490947058	388
1490947059	380
1490947060	424
1490947061	506
1490947062	367
1490947063	317
1490947064	348
1490947065	267
1490947066	286
1490947068	305
1490947069	385
1490947070	409
1490947071	432
1490947072	403
1490947073	262
1490947074	373
1490947075	374
1490947076	474
1490947077	584
1490947078	467
1490947079	348
1490947081	349
1490947082	281
1490947083	284
1490947084	357
1490947085	389
1490947086	551
1490947087	397
1490947088	391
1490947089	417
1490947090	349
1490947091	379
1490947092	474
1490947094	416
1490947095	440
1490947096	405
1490947097	462
1490947098	374
1490947099	389
1490947100	394
1490947101	479
1490947102	500
1490947103	474
1490947104	422
1490947105	472
1490947106	423
1490947108	363
1490947109	359
1490947110	478
1490947111	418
1490947112	463
1490947113	432
1490947114	450
1490947115	335
1490947116	355
1490947117	288
1490947118	340
1490947119	384
1490947121	403
1490947122	400
1490947123	324
1490947124	427
1490947125	543
1490947126	530
1490947127	475
1490947128	385
1490947129	392
1490947130	412
1490947131	417
1490947132	341
1490947133	340
1490947135	483
1490947136	481
1490947137	550
1490947138	399
1490947139	436
1490947140	319
1490947141	355
1490947142	302
1490947143	339
1490947144	446
1490947145	366
1490947146	371
1490947147	462
1490947149	415
1490947150	438
1490947151	492
1490947152	582
1490947153	432
1490947154	351
1490947155	355
1490947156	313
1490947157	415
1490947158	421
1490947159	475
1490947160	493
1490947162	446
1490947163	410
1490947164	342
1490947165	312
1490947166	341
1490947167	354
1490947168	498
1490947169	540
1490947170	464
1490947171	441
1490947172	524
1490947173	435
1490947174	404
1490947175	374
1490947177	493
1490947178	428
1490947179	392
1490947180	395
1490947181	385
1490947182	384
1490947183	512
1490947184	274
1490947185	366
1490947186	376
1490947187	380
1490947188	393
1490947190	355
1490947191	251
1490947192	376
1490947193	288
1490947194	339
1490947195	337
1490947196	422
1490947197	386
1490947198	380
1490947199	381
1490947200	382
1490947201	394
1490947203	362
1490947204	414
1490947205	400
1490947206	358
1490947207	230
1490947208	404
1490947209	363
1490947210	314
1490947211	277
1490947212	167
1490947213	382
1490947214	299
1490947216	424
1490947217	491
1490947218	453
1490947219	482
1490947220	412
1490947221	462
1490947222	428
1490947223	361
1490947224	347
1490947225	316
1490947226	284
1490947227	465
1490947229	401
1490947230	444
1490947231	444
1490947232	371
1490947233	458
1490947234	363
1490947235	336
1490947236	317
1490947237	309
1490947238	345
1490947239	434
1490947240	426
1490947241	531
1490947243	317
1490947244	443
1490947245	369
1490947246	302
1490947247	353
1490947248	278
1490947249	418
1490947250	410
1490947251	515
1490947252	500
1490947253	436
1490947254	389
1490947255	429
1490947257	358
1490947258	436
1490947259	316
1490947260	425
1490947261	386
1490947262	280
1490947263	301
1490947264	240
1490947265	351
1490947266	432
1490947267	394
1490947268	354
1490947270	357
1490947271	356
1490947272	392
1490947273	457
1490947274	401
1490947275	547
1490947276	487
1490947277	467
1490947278	415
1490947279	392
1490947280	308
1490947281	354
1490947282	325
1490947283	322
1490947285	443
1490947286	452
1490947287	456
1490947288	520
1490947289	474
1490947290	313
1490947291	487
1490947292	357
1490947293	395
1490947294	306
1490947295	306
1490947296	363
1490947297	442
1490947299	348
1490947300	384
1490947301	399
1490947302	487
1490947303	401
1490947304	451
1490947305	355
1490947306	407
1490947307	424
1490947308	506
1490947309	428
1490947310	442
1490947312	497
1490947313	423
1490947314	451
1490947315	366
1490947316	480
1490947317	442
1490947318	427
1490947319	393
1490947320	377
1490947321	443
1490947322	612
1490947323	413
1490947325	376
1490947326	346
1490947327	307
1490947328	425
1490947329	304
1490947330	413
1490947331	377
1490947332	282
1490947333	355
1490947334	552
1490947335	530
1490947336	498
1490947337	351
1490947339	532
1490947340	454
1490947341	376
1490947342	349
1490947343	352
1490947344	455
1490947345	418
1490947346	399
1490947347	396
1490947348	307
1490947349	429
1490947350	369
1490947351	374
1490947353	410
1490947354	287
1490947355	390
1490947356	451
1490947357	363
1490947358	416
1490947359	306
1490947360	342
1490947361	350
1490947362	312
1490947363	354
1490947364	273
1490947366	284
1490947367	292
1490947368	337
1490947369	433
1490947370	430
1490947371	433
1490947372	348
1490947373	394
1490947374	389
1490947375	376
1490947376	408
1490947377	325
1490947379	202
1490947380	265
1490947381	296
1490947382	231
1490947383	377
1490947384	339
1490947385	353
1490947386	377
1490947387	442
1490947388	525
1490947389	438
1490947390	365
1490947392	348
1490947393	320
1490947394	509
1490947395	369
1490947396	339
1490947397	470
1490947398	353
1490947399	405
1490947400	356
1490947401	354
1490947402	361
1490947403	370
1490947404	336
1490947406	428
1490947407	418
1490947408	552
1490947409	383
1490947410	359
1490947411	369
1490947412	267
1490947413	387
1490947414	333
1490947415	474
1490947416	577
1490947417	567
1490947418	508
1490947419	402
1490947421	524
1490947422	507
1490947423	417
1490947424	479
1490947425	435
1490947426	400
1490947427	299
1490947428	232
1490947429	309
1490947430	294
1490947431	389
1490947432	527
1490947433	437
1490947435	371
1490947436	378
1490947437	269
1490947438	285
1490947439	317
1490947440	442
1490947441	621
1490947442	474
1490947443	415
1490947444	245
1490947445	280
1490947446	268
1490947447	267
1490947449	384
1490947450	280
1490947451	304
1490947452	371
1490947453	397
1490947454	310
1490947455	296
1490947456	264
1490947457	333
1490947458	384
1490947459	470
1490947460	394
1490947462	437
1490947463	433
1490947464	411
1490947465	545
1490947466	462
1490947467	407
1490947468	329
1490947469	407
1490947470	334
1490947471	520
1490947472	445
1490947473	553
1490947474	564
1490947476	451
1490947477	411
1490947478	419
1490947479	605
1490947480	423
1490947481	409
1490947482	448
1490947483	374
1490947484	439
1490947485	430
1490947486	357
1490947488	415
1490947489	413
1490947490	419
1490947491	506
1490947492	414
1490947493	456
1490947494	344
1490947495	486
1490947496	403
1490947497	314
1490947498	314
1490947499	352
1490947501	270
1490947502	263
1490947503	215
1490947504	283
1490947505	421
1490947506	316
1490947507	360
1490947508	290
1490947509	301
1490947510	332
1490947511	286
1490947512	368
1490947514	333
1490947515	212
1490947516	367
1490947517	300
1490947518	273
1490947519	384
1490947520	330
1490947521	407
1490947522	326
1490947523	250
1490947524	326
1490947525	362
1490947526	391
1490947528	367
1490947529	451
1490947530	477
1490947531	376
1490947532	368
1490947533	390
1490947534	559
1490947535	446
1490947536	394
1490947537	507
1490947538	577
1490947539	458
1490947541	432
1490947542	364
1490947543	330
1490947544	334
1490947545	305
1490947546	317
1490947547	283
1490947548	414
1490947549	318
1490947550	381
1490947551	395
1490947552	331
1490947553	465
1490947555	416
1490947556	381
1490947557	322
1490947558	332
1490947559	272
1490947560	292
1490947561	285
1490947562	414
1490947563	608
1490947564	474
1490947565	474
1490947566	343
1490947567	474
1490947569	450
1490947570	488
1490947571	490
1490947572	527
1490947573	411
1490947574	410
1490947575	362
1490947576	263
1490947577	393
1490947578	372
1490947579	322
1490947580	274
1490947581	312
1490947583	389
1490947584	372
1490947585	388
1490947586	385
1490947587	383
1490947588	537
1490947589	420
1490947590	435
1490947591	367
1490947592	222
1490947593	373
1490947594	378
1490947595	406
1490947597	562
1490947598	445
1490947599	586
1490947600	457
1490947601	300
1490947602	337
1490947603	347
1490947604	392
1490947605	376
1490947606	485
1490947607	575
1490947608	531
1490947610	378
1490947611	528
1490947612	442
1490947613	601
1490947614	518
1490947615	536
1490947616	429
1490947617	368
1490947618	281
1490947619	375
1490947620	291
1490947621	674
1490947623	623
1490947624	439
1490947625	292
1490947626	262
1490947627	213
1490947628	251
1490947629	197
1490947630	344
1490947631	375
1490947632	400
1490947633	289
1490947634	296
1490947636	302
1490947637	412
1490947638	426
1490947639	177
1490947640	376
1490947641	356
1490947642	416
1490947643	403
1490947644	280
1490947645	154
1490947646	403
1490947647	439
1490947649	449
1490947650	579
1490947651	420
1490947652	500
1490947653	346
1490947654	177
1490947655	368
1490947656	333
1490947657	411
1490947658	699
1490947659	493
1490947660	579
1490947661	563
1490947663	733
1490947664	603
1490947665	359
1490947666	436
1490947667	223
1490947668	436
1490947669	444
1490947670	601
1490947671	691
1490947672	724
1490947673	542
1490947674	434
1490947675	273
1490947677	335
1490947678	387
1490947679	324
1490947680	392
1490947681	504
1490947682	447
1490947683	403
1490947684	321
1490947685	374
1490947686	397
1490947687	601
1490947688	440
1490947690	306
1490947691	233
1490947692	254
1490947693	150
1490947694	213
1490947695	236
1490947696	328
1490947697	381
1490947698	323
1490947699	344
1490947700	134
1490947701	360
1490947703	639
1490947704	409
1490947705	470
1490947706	744
1490947707	398
1490947708	365
1490947709	210
1490947710	390
1490947711	426
1490947712	613
1490947713	509
1490947714	508
1490947716	270
1490947717	394
1490947718	381
1490947719	407
1490947720	427
1490947721	358
1490947722	368
1490947723	177
1490947724	146
1490947725	186
1490947726	143
1490947727	244
1490947729	485
1490947730	600
1490947731	469
1490947732	345
1490947733	314
1490947734	372
1490947735	427
1490947736	727
1490947737	519
1490947738	491
1490947739	518
1490947741	373
1490947742	462
1490947743	339
1490947744	423
1490947745	294
1490947746	364
1490947747	359
1490947748	192
1490947749	194
1490947750	343
1490947751	254
1490947752	367
1490947753	458
1490947754	441
1490947756	382
1490947757	400
1490947758	376
1490947759	291
1490947760	246
1490947761	476
1490947762	540
1490947763	306
1490947764	264
1490947765	342
1490947766	442
1490947767	438
1490947769	285
1490947770	483
1490947771	419
1490947772	556
1490947773	619
1490947774	580
1490947775	415
1490947776	392
1490947777	564
1490947778	464
1490947779	581
1490947780	586
1490947782	418
1490947783	480
1490947784	332
1490947785	415
1490947786	490
1490947787	433
1490947788	388
1490947789	292
1490947790	219
1490947791	251
1490947792	404
1490947793	509
1490947795	598
1490947796	470
1490947797	437
1490947798	386
1490947799	299
1490947800	321
1490947801	396
1490947802	393
1490947803	392
1490947804	390
1490947805	389
1490947806	388
1490947807	387
1490947809	387
1490947810	387
1490947811	387
1490947812	386
1490947813	386
1490947814	386
1490947815	386
1490947816	386
1490947817	386
1490947818	386
1490947819	386
1490947820	386
1490947822	386
1490947823	386
1490947824	386
1490947825	386
1490947826	386
1490947827	386
1490947828	386
1490947829	386
1490947830	386
1490947831	386
1490947832	386
1490947833	386
1490947834	386
1490947836	386
1490947837	386
1490947838	386
1490947839	386
1490947840	386
1490947841	386
1490947842	386
1490947843	386
1490947844	386
1490947845	387
1490947846	387
1490947847	387
1490947848	387
1490947849	387
1490947851	388
1490947852	388
1490947853	388
1490947854	388
1490947855	388
1490947856	388
1490947857	388
1490947858	388
1490947859	388
1490947860	388
1490947861	388
1490947862	388
1490947863	388
1490947865	388
1490947866	388
1490947867	388
1490947868	388
1490947869	388
1490947870	388
1490947871	388
1490947872	387
1490947873	387
1490947874	387
1490947875	387
1490947876	387
1490947878	386
1490947879	386
1490947880	385
1490947881	385
1490947882	385
1490947883	385
1490947884	385
1490947885	384
1490947886	384
1490947887	384
1490947888	384
1490947889	384
1490947891	384
1490947892	384
1490947893	384
1490947894	385
1490947895	385
1490947896	385
1490947897	385
1490947898	386
1490947899	386
1490947900	386
1490947901	386
1490947902	386
1490947903	386
1490947905	386
1490947906	387
1490947907	387
1490947908	387
1490947909	386
1490947910	386
1490947911	386
1490947912	386
1490947913	386
1490947914	386
1490947915	386
1490947916	386
1490947918	386
1490947919	386
1490947920	386
1490947921	386
1490947922	387
1490947923	387
1490947924	387
1490947925	387
1490947926	387
1490947927	387
1490947928	387
1490947929	387
1490947931	387
1490947932	387
1490947933	387
1490947934	387
1490947935	387
1490947936	387
1490947937	387
1490947938	387
1490947939	387
1490947940	387
1490947941	387
1490947942	387
1490947943	387
1490947945	387
1490947946	387
1490947947	387
1490947948	388
1490947949	388
1490947950	388
1490947951	388
1490947952	388
1490947953	387
1490947954	387
1490947955	386
1490947956	386
1490947958	386
1490947959	386
1490947960	386
1490947961	386
1490947962	386
1490947963	386
1490947964	386
1490947965	386
1490947966	386
1490947967	386
1490947968	386
1490947969	386
1490947970	386
1490947972	386
1490947973	385
1490947974	384
1490947975	383
1490947976	384
1490947977	384
1490947978	385
1490947979	385
1490947980	384
1490947981	384
1490947982	385
1490947983	387
1490947984	387
1490947986	383
1490947987	384
1490947988	389
1490947989	387
1490947990	414
1490947991	390
1490947992	359
1490947993	432
1490947994	353
1490947995	450
1490947996	534
1490947997	501
1490947998	446
1490947999	427
1490948001	482
1490948002	471
1490948003	378
1490948004	348
1490948005	374
1490948006	269
1490948007	285
1490948008	238
1490948009	266
1490948010	430
1490948011	517
1490948012	511
1490948013	388
1490948015	529
1490948016	520
1490948017	374
1490948018	389
1490948019	294
1490948020	339
1490948021	293
1490948022	225
1490948023	269
1490948024	284
1490948025	316
1490948026	429
1490948028	446
1490948029	414
1490948030	333
1490948031	433
1490948032	513
1490948033	476
1490948034	381
1490948035	419
1490948036	292
1490948037	520
1490948038	391
1490948039	461
1490948041	363
1490948042	423
1490948043	427
1490948044	396
1490948045	476
1490948046	526
1490948047	411
1490948048	549
1490948049	465
1490948050	416
1490948051	449
1490948052	420
1490948054	424
1490948055	368
1490948056	456
1490948057	396
1490948058	446
1490948059	440
1490948060	400
1490948061	302
1490948062	282
1490948063	258
1490948064	305
1490948065	271
1490948067	358
1490948068	322
1490948069	410
1490948070	490
1490948071	587
1490948072	520
1490948073	380
1490948074	351
1490948075	457
1490948076	373
1490948077	321
1490948078	297
1490948079	352
1490948080	381
1490948082	386
1490948083	284
1490948084	343
1490948085	388
1490948086	388
1490948087	327
1490948088	318
1490948089	483
1490948090	425
1490948091	320
1490948092	386
1490948093	254
1490948094	422
1490948096	461
1490948097	292
1490948098	254
1490948099	257
1490948100	305
1490948101	287
1490948102	347
1490948103	378
1490948104	263
1490948105	294
1490948106	341
1490948107	365
1490948109	453
1490948110	302
1490948111	351
1490948112	480
1490948113	392
1490948114	453
1490948115	343
1490948116	418
1490948117	439
1490948118	436
1490948119	364
1490948120	437
1490948121	394
1490948122	315
1490948124	340
1490948125	389
1490948126	356
1490948127	321
1490948128	422
1490948129	454
1490948130	465
1490948131	435
1490948132	375
1490948133	440
1490948134	375
1490948135	295
1490948136	364
1490948138	332
1490948139	372
1490948140	531
1490948141	518
1490948142	477
1490948143	429
1490948144	470
1490948145	364
1490948146	278
1490948147	273
1490948148	300
1490948149	283
1490948151	240
1490948152	300
1490948153	342
1490948154	370
1490948155	419
1490948156	331
1490948157	388
1490948158	430
1490948159	438
1490948160	311
1490948161	412
1490948162	376
1490948164	336
1490948165	436
1490948166	496
1490948167	443
1490948168	433
1490948169	512
1490948170	506
1490948171	318
1490948172	401
1490948173	423
1490948174	425
1490948175	563
1490948176	455
1490948178	340
1490948179	317
1490948180	324
1490948181	326
1490948182	241
1490948183	442
1490948184	436
1490948185	389
1490948186	393
1490948187	409
1490948188	397
1490948189	418
1490948191	414
1490948192	484
1490948193	345
1490948194	354
1490948195	356
1490948196	355
1490948197	348
1490948198	268
1490948199	391
1490948200	343
1490948201	352
1490948202	429
1490948204	358
1490948205	357
1490948206	531
1490948207	487
1490948208	418
1490948209	383
1490948210	302
1490948211	375
1490948212	364
1490948213	450
1490948214	356
1490948215	289
1490948216	516
1490948217	431
1490948219	530
1490948220	391
1490948221	252
1490948222	252
1490948223	250
1490948224	456
1490948225	492
1490948226	557
1490948227	560
1490948228	545
1490948229	414
1490948230	428
1490948232	360
1490948233	475
1490948234	404
1490948235	393
1490948236	397
1490948237	308
1490948238	316
1490948239	437
1490948240	470
1490948241	582
1490948242	462
1490948243	350
1490948245	393
1490948246	262
1490948247	340
1490948248	346
1490948249	445
1490948250	364
1490948251	364
1490948252	532
1490948253	427
1490948254	447
1490948255	341
1490948256	400
1490948257	434
1490948259	387
1490948260	389
1490948261	282
1490948262	336
1490948263	340
1490948264	305
1490948265	374
1490948266	477
1490948267	462
1490948268	503
1490948269	448
1490948270	422
1490948271	407
1490948272	398
1490948274	391
1490948275	389
1490948276	386
1490948277	385
1490948278	386
1490948279	385
1490948280	386
1490948281	386
1490948282	386
1490948283	386
1490948284	386
1490948285	385
1490948286	382
1490948288	380
1490948289	378
1490948290	382
1490948291	389
1490948292	389
1490948293	387
1490948294	382
1490948295	377
1490948296	381
1490948297	382
1490948298	389
1490948299	390
1490948301	391
1490948302	395
1490948303	378
1490948304	374
1490948305	376
1490948306	394
1490948307	406
1490948308	406
1490948309	385
1490948310	379
1490948311	410
1490948312	408
1490948314	504
1490948315	368
1490948316	414
1490948317	432
1490948318	501
1490948319	582
1490948320	542
1490948321	518
1490948322	529
1490948323	533
1490948324	512
1490948325	395
1490948327	410
1490948328	431
1490948329	408
1490948330	490
1490948331	520
1490948332	566
1490948333	589
1490948334	361
1490948335	399
1490948336	360
1490948337	243
1490948338	296
1490948340	259
1490948341	286
1490948342	332
1490948343	283
1490948344	334
1490948345	268
1490948346	336
1490948347	348
1490948348	437
1490948349	451
1490948350	418
1490948351	376
1490948352	348
1490948353	320
1490948355	476
1490948356	416
1490948357	490
1490948358	535
1490948359	406
1490948360	433
1490948361	375
1490948362	379
1490948363	433
1490948364	517
1490948365	551
1490948366	418
1490948368	479
1490948369	440
1490948370	441
1490948371	437
1490948372	511
1490948373	389
1490948374	338
1490948375	374
1490948376	405
1490948377	450
1490948378	382
1490948379	429
1490948381	389
1490948382	495
1490948383	457
1490948384	477
1490948385	428
1490948386	319
1490948387	349
1490948388	477
1490948389	438
1490948390	357
1490948391	290
1490948392	270
1490948394	365
1490948395	373
1490948396	372
1490948397	392
1490948398	368
1490948399	507
1490948400	509
1490948401	456
1490948402	353
1490948403	354
1490948404	391
1490948406	507
1490948407	389
1490948408	390
1490948409	436
1490948410	459
1490948411	359
1490948412	167
1490948413	362
1490948414	510
1490948415	588
1490948416	596
1490948417	631
1490948418	528
1490948420	390
1490948421	320
1490948422	377
1490948423	378
1490948424	503
1490948425	294
1490948426	203
1490948427	199
1490948428	376
1490948429	418
1490948430	504
1490948431	372
1490948433	570
1490948434	280
1490948435	382
1490948436	414
1490948437	330
1490948438	389
1490948439	592
1490948440	480
1490948441	376
1490948442	287
1490948443	357
1490948444	260
1490948446	329
1490948447	376
1490948448	474
1490948449	399
1490948450	459
1490948451	267
1490948452	403
1490948453	357
1490948454	313
1490948455	434
1490948456	419
1490948457	465
1490948458	370
1490948460	255
1490948461	455
1490948462	449
1490948463	306
1490948464	331
1490948465	279
1490948466	323
1490948467	299
1490948468	269
1490948469	281
1490948470	175
1490948471	400
1490948473	429
1490948474	445
1490948475	365
1490948476	314
1490948477	391
1490948478	355
1490948479	310
1490948480	416
1490948481	273
1490948482	311
1490948483	365
1490948484	273
1490948486	316
1490948487	278
1490948488	282
1490948489	315
1490948490	316
1490948491	301
1490948492	343
1490948493	356
1490948494	374
1490948495	394
1490948496	419
1490948497	425
1490948498	407
1490948500	391
1490948501	373
1490948502	378
1490948503	397
1490948504	411
1490948505	429
1490948506	417
1490948507	402
1490948508	392
1490948509	383
1490948510	384
1490948511	408
1490948513	428
1490948514	429
1490948515	414
1490948516	397
1490948517	387
1490948518	379
1490948519	398
1490948520	420
1490948521	430
1490948522	428
1490948523	412
1490948524	393
1490948525	381
1490948527	382
1490948528	405
1490948529	425
1490948530	433
1490948531	423
1490948532	397
1490948533	382
1490948534	379
1490948535	385
1490948536	411
1490948537	428
1490948538	429
1490948540	411
1490948541	395
1490948542	380
1490948543	380
1490948544	399
1490948545	430
1490948546	433
1490948547	428
1490948548	409
1490948549	391
1490948550	377
1490948551	382
1490948553	415
1490948554	429
1490948555	432
1490948556	417
1490948557	410
1490948558	390
1490948559	387
1490948560	402
1490948561	414
1490948562	417
1490948563	423
1490948564	420
1490948566	413
1490948567	411
1490948568	411
1490948569	414
1490948570	414
1490948571	415
1490948572	415
1490948573	415
1490948574	415
1490948575	415
1490948576	415
1490948577	414
1490948579	414
1490948580	413
1490948581	413
1490948582	413
1490948583	413
1490948584	412
1490948585	412
1490948586	412
1490948587	412
1490948588	411
1490948589	411
1490948590	411
1490948592	411
1490948593	410
